[pvehicle]
TENSOR_SCALE = [ 1.000000, 2.000000, 1.000000, 0.000000 ]

[brakes]
BRAKE_LOCK = [ 1.000000, 3.500000 ]
BRAKES = [ 425.000000, 500.000000 ]
EBRAKE = 500.000000

[chassis]
AERO_CG = 45.500000
AERO_COEFFICIENT = 0.150000
DIVE_SPEED = 1.000000
DRAG_COEFFICIENT = 0.360000
FRONT_WEIGHT_BIAS = 53.200001
RENDER_MOTION = 1.000000
RIDE_HEIGHT = [ 8.000000, 8.000000 ]
ROLL_CENTER = 12.500000
ROLL_SPEED = 1.000000
SHOCK_BLOWOUT = 6.000000
SHOCK_DIGRESSION = [ 0.350000, 0.350000 ]
SHOCK_EXT_STIFFNESS = [ 48.000000, 48.000000 ]
SHOCK_STIFFNESS = [ 32.000000, 37.000000 ]
SHOCK_VALVING = [ 23.500000, 23.500000 ]
SPRING_PROGRESSION = [ 6.500000, 6.000000 ]
SPRING_STIFFNESS = [ 400.000000, 425.000000 ]
SQUAT_SPEED = 1.000000
SWAYBAR_STIFFNESS = [ 200.000000, 175.000000 ]
TRAVEL = [ 7.500000, 7.500000 ]

[engine]
ENGINE_BRAKING = [ 0.800000, 0.800000, 0.900000 ]
FLYWHEEL_MASS = 15.000000
IDLE = 800.000000
MAX_RPM = 7200.000000
RED_LINE = 6200.000000
TORQUE = [ 85.000000, 119.000000, 179.000000, 251.000000, 242.000000, 213.000000, 187.000000, 170.000000, 157.000000 ]

[induction]
HIGH_BOOST = 0.000000
LOW_BOOST = 0.000000
PSI = 12.000000
SPOOL = 0.250000
SPOOL_TIME_DOWN = 0.250000
SPOOL_TIME_UP = 2.000000
VACUUM = -0.150000

[tires]
DYNAMIC_GRIP = [ 1.250000, 1.300000 ]
GRIP_SCALE = [ 1.000000, 1.000000 ]
STATIC_GRIP = [ 1.500000, 1.600000 ]
STEERING = 0.800000
YAW_CONTROL = [ 0.150000, 0.350000, 0.450000, 0.550000 ]
YAW_SPEED = 0.400000

[transmission]
CLUTCH_SLIP = 0.900000
DIFFERENTIAL = [ 0.750000, 0.800000, 0.750000 ]
FINAL_GEAR = 4.100000
GEAR_EFFICIENCY = [ 1.000000, 1.000000, 0.925000, 0.925000, 1.000000, 1.000000, 1.000000, 1.000000, 1.000000 ]
GEAR_RATIO = [ 2.800000, 0.000000, 3.670000, 2.050000, 1.462000, 1.150000, 0.919000, 0.745000, 0.000000 ]
OPTIMAL_SHIFT = 500.000000
SHIFT_SPEED = 0.250000
TORQUE_CONVERTER = 0.400000
TORQUE_SPLIT = 0.500000