[pvehicle]
TENSOR_SCALE = [ 1.000000, 2.000000, 1.000000, 0.000000 ]

[brakes]
BRAKE_LOCK = [ 1.000000, 3.500000 ]
BRAKES = [ 555.000000, 650.000000 ]
EBRAKE = 700.000000

[chassis]
AERO_CG = 49.000000
AERO_COEFFICIENT = 0.180000
DIVE_SPEED = 1.000000
DRAG_COEFFICIENT = 0.420000
FRONT_WEIGHT_BIAS = 50.000000
RENDER_MOTION = 0.700000
RIDE_HEIGHT = [ 7.000000, 7.000000 ]
ROLL_CENTER = 11.500000
ROLL_SPEED = 1.000000
SHOCK_BLOWOUT = 7.000000
SHOCK_DIGRESSION = [ 0.400000, 0.400000 ]
SHOCK_EXT_STIFFNESS = [ 63.000000, 65.000000 ]
SHOCK_STIFFNESS = [ 57.000000, 57.000000 ]
SHOCK_VALVING = [ 15.000000, 15.000000 ]
SPRING_PROGRESSION = [ 7.000000, 8.000000 ]
SPRING_STIFFNESS = [ 500.000000, 650.000000 ]
SQUAT_SPEED = 1.000000
SWAYBAR_STIFFNESS = [ 250.000000, 350.000000 ]
TRAVEL = [ 8.500000, 8.500000 ]

[engine]
ENGINE_BRAKING = [ 0.700000, 0.800000, 0.900000 ]
FLYWHEEL_MASS = 11.000000
IDLE = 800.000000
MAX_RPM = 7000.000000
RED_LINE = 6000.000000
TORQUE = [ 132.000000, 200.000000, 310.000000, 349.000000, 323.000000, 285.000000, 257.000000, 228.000000, 200.000000 ]

[induction]
HIGH_BOOST = 0.150000
LOW_BOOST = 0.150000
PSI = 13.000000
SPOOL = 0.000000
SPOOL_TIME_DOWN = 1.500000
SPOOL_TIME_UP = 2.000000
VACUUM = 0.000000

[tires]
DYNAMIC_GRIP = [ 1.500000, 1.500000 ]
GRIP_SCALE = [ 1.000000, 1.000000 ]
STATIC_GRIP = [ 1.700000, 1.800000 ]
STEERING = 0.950000
YAW_CONTROL = [ 0.000000, 0.000000, 0.000000, 0.000000 ]
YAW_SPEED = 0.310000

[transmission]
CLUTCH_SLIP = 0.700000
DIFFERENTIAL = [ 0.000000, 0.700000, 0.000000 ]
FINAL_GEAR = 3.350000
GEAR_EFFICIENCY = [ 1.000000, 1.000000, 1.000000, 1.000000, 1.000000, 1.000000, 1.000000, 1.000000, 1.000000 ]
GEAR_RATIO = [ 2.600000, 0.000000, 3.500000, 1.900000, 1.500000, 1.200000, 1.000000, 0.850000, 0.000000 ]
OPTIMAL_SHIFT = 500.000000
SHIFT_SPEED = 0.250000
TORQUE_CONVERTER = 0.200000
TORQUE_SPLIT = 0.000000