[pvehicle]
TENSOR_SCALE = [ 1.000000, 2.000000, 1.000000, 0.000000 ]

[brakes]
BRAKE_LOCK = [ 1.000000, 3.300000 ]
BRAKES = [ 475.000000, 650.000000 ]
EBRAKE = 900.000000

[chassis]
AERO_CG = 46.000000
AERO_COEFFICIENT = 0.240000
DIVE_SPEED = 1.000000
DRAG_COEFFICIENT = 0.300000
FRONT_WEIGHT_BIAS = 53.250000
RENDER_MOTION = 0.500000
RIDE_HEIGHT = [ 8.500000, 8.500000 ]
ROLL_CENTER = 10.000000
ROLL_SPEED = 1.000000
SHOCK_BLOWOUT = 6.000000
SHOCK_DIGRESSION = [ 0.250000, 0.250000 ]
SHOCK_EXT_STIFFNESS = [ 70.000000, 75.000000 ]
SHOCK_STIFFNESS = [ 60.000000, 65.000000 ]
SHOCK_VALVING = [ 20.000000, 20.000000 ]
SPRING_PROGRESSION = [ 8.000000, 8.000000 ]
SPRING_STIFFNESS = [ 700.000000, 700.000000 ]
SQUAT_SPEED = 1.000000
SWAYBAR_STIFFNESS = [ 375.000000, 350.000000 ]
TRAVEL = [ 6.750000, 6.750000 ]

[engine]
ENGINE_BRAKING = [ 0.700000, 0.800000, 0.900000 ]
FLYWHEEL_MASS = 13.500000
IDLE = 950.000000
MAX_RPM = 8300.000000
RED_LINE = 7300.000000
TORQUE = [ 113.000000, 167.000000, 233.000000, 313.000000, 287.000000, 261.000000, 238.000000, 219.000000, 211.000000 ]

[induction]
HIGH_BOOST = 0.100000
LOW_BOOST = 0.100000
PSI = 12.000000
SPOOL = 0.200000
SPOOL_TIME_DOWN = 0.250000
SPOOL_TIME_UP = 2.500000
VACUUM = -0.050000

[tires]
DYNAMIC_GRIP = [ 1.700000, 1.900000 ]
GRIP_SCALE = [ 1.000000, 1.000000 ]
STATIC_GRIP = [ 1.900000, 2.200000 ]
STEERING = 0.750000
YAW_CONTROL = [ 0.100000, 0.700000, 1.000000, 1.100000 ]
YAW_SPEED = 0.340000

[transmission]
CLUTCH_SLIP = 0.700000
DIFFERENTIAL = [ 0.800000, 0.800000, 0.000000 ]
FINAL_GEAR = 3.500000
GEAR_EFFICIENCY = [ 1.000000, 1.000000, 1.000000, 1.000000, 1.000000, 1.000000, 1.000000, 1.000000, 1.000000 ]
GEAR_RATIO = [ 3.200000, 0.000000, 3.310000, 2.100000, 1.450000, 1.100000, 0.950000, 0.820000, 0.000000 ]
OPTIMAL_SHIFT = 500.000000
SHIFT_SPEED = 0.250000
TORQUE_CONVERTER = 0.800000
TORQUE_SPLIT = 0.000000