[pvehicle]
TENSOR_SCALE = [ 1.000000, 2.000000, 1.000000, 0.000000 ]

[brakes]
BRAKE_LOCK = [ 1.000000, 3.300000 ]
BRAKES = [ 475.000000, 575.000000 ]
EBRAKE = 650.000000

[chassis]
AERO_CG = 44.000000
AERO_COEFFICIENT = 0.150000
DIVE_SPEED = 1.000000
DRAG_COEFFICIENT = 0.250000
FRONT_WEIGHT_BIAS = 53.700001
RENDER_MOTION = 1.000000
RIDE_HEIGHT = [ 9.000000, 9.000000 ]
ROLL_CENTER = 11.500000
ROLL_SPEED = 1.000000
SHOCK_BLOWOUT = 6.000000
SHOCK_DIGRESSION = [ 0.100000, 0.100000 ]
SHOCK_EXT_STIFFNESS = [ 65.000000, 55.000000 ]
SHOCK_STIFFNESS = [ 55.000000, 46.000000 ]
SHOCK_VALVING = [ 20.000000, 20.000000 ]
SPRING_PROGRESSION = [ 7.000000, 6.000000 ]
SPRING_STIFFNESS = [ 400.000000, 300.000000 ]
SQUAT_SPEED = 1.000000
SWAYBAR_STIFFNESS = [ 350.000000, 250.000000 ]
TRAVEL = [ 7.000000, 7.000000 ]

[engine]
ENGINE_BRAKING = [ 0.850000, 0.850000, 0.900000 ]
FLYWHEEL_MASS = 14.000000
IDLE = 950.000000
MAX_RPM = 8300.000000
RED_LINE = 7300.000000
TORQUE = [ 115.000000, 156.000000, 236.000000, 265.000000, 240.000000, 210.000000, 185.000000, 165.000000, 150.000000 ]

[tires]
DYNAMIC_GRIP = [ 1.400000, 1.400000 ]
GRIP_SCALE = [ 1.000000, 1.075000 ]
STATIC_GRIP = [ 1.600000, 1.800000 ]
STEERING = 0.900000
YAW_CONTROL = [ 0.200000, 0.500000, 0.850000, 1.000000 ]
YAW_SPEED = 0.350000

[transmission]
CLUTCH_SLIP = 0.700000
DIFFERENTIAL = [ 0.000000, 0.750000, 0.000000 ]
FINAL_GEAR = 4.100000
GEAR_EFFICIENCY = [ 1.000000, 1.000000, 0.900000, 0.900000, 1.000000, 1.000000, 1.000000, 1.000000, 1.000000 ]
GEAR_RATIO = [ 2.900000, 0.000000, 3.310000, 1.950000, 1.410000, 1.130000, 0.970000, 0.820000, 0.000000 ]
OPTIMAL_SHIFT = 500.000000
SHIFT_SPEED = 0.250000
TORQUE_CONVERTER = 0.600000
TORQUE_SPLIT = 0.000000