[pvehicle]
TENSOR_SCALE = [ 1.000000, 2.000000, 1.000000, 0.000000 ]

[brakes]
BRAKE_LOCK = [ 1.000000, 3.400000 ]
BRAKES = [ 525.000000, 550.000000 ]
EBRAKE = 600.000000

[chassis]
AERO_CG = 46.000000
AERO_COEFFICIENT = 0.190000
DIVE_SPEED = 1.000000
DRAG_COEFFICIENT = 0.300000
FRONT_WEIGHT_BIAS = 53.000000
RENDER_MOTION = 1.000000
RIDE_HEIGHT = [ 9.000000, 9.000000 ]
ROLL_CENTER = 10.000000
ROLL_SPEED = 1.000000
SHOCK_BLOWOUT = 6.000000
SHOCK_DIGRESSION = [ 0.400000, 0.400000 ]
SHOCK_EXT_STIFFNESS = [ 55.000000, 60.000000 ]
SHOCK_STIFFNESS = [ 45.000000, 40.000000 ]
SHOCK_VALVING = [ 12.000000, 12.000000 ]
SPRING_PROGRESSION = [ 5.750000, 6.000000 ]
SPRING_STIFFNESS = [ 400.000000, 350.000000 ]
SQUAT_SPEED = 1.000000
SWAYBAR_STIFFNESS = [ 150.000000, 175.000000 ]
TRAVEL = [ 7.000000, 7.000000 ]

[engine]
ENGINE_BRAKING = [ 0.700000, 0.850000, 0.900000 ]
FLYWHEEL_MASS = 15.000000
IDLE = 800.000000
MAX_RPM = 8500.000000
RED_LINE = 7500.000000
TORQUE = [ 80.000000, 98.000000, 144.000000, 177.000000, 175.000000, 160.000000, 142.000000, 128.000000, 116.000000 ]

[induction]
HIGH_BOOST = 0.050000
LOW_BOOST = 0.080000
PSI = 10.000000
SPOOL = 0.250000
SPOOL_TIME_DOWN = 0.250000
SPOOL_TIME_UP = 3.000000
VACUUM = -0.150000

[tires]
DYNAMIC_GRIP = [ 1.300000, 1.450000 ]
GRIP_SCALE = [ 1.055000, 1.075000 ]
STATIC_GRIP = [ 1.500000, 1.650000 ]
STEERING = 0.950000
YAW_CONTROL = [ 0.400000, 0.650000, 0.850000, 1.000000 ]
YAW_SPEED = 0.300000

[transmission]
CLUTCH_SLIP = 0.800000
DIFFERENTIAL = [ 0.000000, 0.800000, 0.000000 ]
FINAL_GEAR = 4.200000
GEAR_EFFICIENCY = [ 1.000000, 1.000000, 1.000000, 1.000000, 1.000000, 1.000000, 1.000000, 1.000000, 1.000000 ]
GEAR_RATIO = [ 2.800000, 0.000000, 3.483000, 1.850000, 1.300000, 1.000000, 0.785000, 0.000000, 0.000000 ]
OPTIMAL_SHIFT = 500.000000
SHIFT_SPEED = 0.250000
TORQUE_CONVERTER = 0.500000
TORQUE_SPLIT = 0.000000