[pvehicle]
TENSOR_SCALE = [ 1.000000, 2.000000, 1.000000, 0.000000 ]

[brakes]
BRAKE_LOCK = [ 1.000000, 3.450000 ]
BRAKES = [ 555.000000, 650.000000 ]
EBRAKE = 750.000000

[chassis]
AERO_CG = 49.750000
AERO_COEFFICIENT = 0.200000
DIVE_SPEED = 1.000000
DRAG_COEFFICIENT = 0.450000
FRONT_WEIGHT_BIAS = 50.000000
RENDER_MOTION = 0.700000
RIDE_HEIGHT = [ 7.000000, 7.000000 ]
ROLL_CENTER = 10.000000
ROLL_SPEED = 1.000000
SHOCK_BLOWOUT = 6.000000
SHOCK_DIGRESSION = [ 0.300000, 0.300000 ]
SHOCK_EXT_STIFFNESS = [ 62.500000, 70.000000 ]
SHOCK_STIFFNESS = [ 60.000000, 65.000000 ]
SHOCK_VALVING = [ 17.000000, 17.000000 ]
SPRING_PROGRESSION = [ 8.000000, 8.500000 ]
SPRING_STIFFNESS = [ 700.000000, 700.000000 ]
SQUAT_SPEED = 1.000000
SWAYBAR_STIFFNESS = [ 275.000000, 325.000000 ]
TRAVEL = [ 7.000000, 7.000000 ]

[engine]
ENGINE_BRAKING = [ 0.750000, 0.820000, 0.900000 ]
FLYWHEEL_MASS = 12.000000
IDLE = 800.000000
MAX_RPM = 6500.000000
RED_LINE = 5500.000000
TORQUE = [ 281.000000, 370.000000, 660.000000, 872.000000, 872.000000, 773.000000, 668.000000, 589.000000, 528.000000 ]

[induction]
HIGH_BOOST = 0.250000
LOW_BOOST = 0.250000
PSI = 13.000000
SPOOL = 0.000000
SPOOL_TIME_DOWN = 1.500000
SPOOL_TIME_UP = 1.000000
VACUUM = 0.000000

[tires]
DYNAMIC_GRIP = [ 1.700000, 1.800000 ]
GRIP_SCALE = [ 1.000000, 1.000000 ]
STATIC_GRIP = [ 1.900000, 2.100000 ]
STEERING = 0.980000
YAW_CONTROL = [ 0.025000, 0.050000, 0.100000, 0.100000 ]
YAW_SPEED = 0.300000

[transmission]
CLUTCH_SLIP = 0.800000
DIFFERENTIAL = [ 0.000000, 0.450000, 0.000000 ]
FINAL_GEAR = 3.100000
GEAR_EFFICIENCY = [ 1.000000, 1.000000, 1.000000, 1.000000, 1.000000, 1.000000, 1.000000, 1.000000, 1.000000 ]
GEAR_RATIO = [ 2.600000, 0.000000, 2.400000, 1.350000, 1.050000, 0.900000, 0.780000, 0.690000, 0.000000 ]
OPTIMAL_SHIFT = 500.000000
SHIFT_SPEED = 0.250000
TORQUE_CONVERTER = 0.400000
TORQUE_SPLIT = 0.000000