[pvehicle]
TENSOR_SCALE = [ 1.000000, 2.000000, 1.000000, 0.000000 ]

[brakes]
BRAKE_LOCK = [ 1.000000, 3.000000 ]
BRAKES = [ 550.000000, 650.000000 ]
EBRAKE = 900.000000

[chassis]
AERO_CG = 46.450001
AERO_COEFFICIENT = 0.255000
DIVE_SPEED = 1.000000
DRAG_COEFFICIENT = 0.380000
FRONT_WEIGHT_BIAS = 54.000000
RENDER_MOTION = 0.500000
RIDE_HEIGHT = [ 5.500000, 5.500000 ]
ROLL_CENTER = 9.000000
ROLL_SPEED = 1.000000
SHOCK_BLOWOUT = 8.000000
SHOCK_DIGRESSION = [ 0.400000, 0.400000 ]
SHOCK_EXT_STIFFNESS = [ 82.000000, 82.000000 ]
SHOCK_STIFFNESS = [ 80.000000, 80.000000 ]
SHOCK_VALVING = [ 18.000000, 18.000000 ]
SPRING_PROGRESSION = [ 7.500000, 7.650000 ]
SPRING_STIFFNESS = [ 800.000000, 810.000000 ]
SQUAT_SPEED = 1.000000
SWAYBAR_STIFFNESS = [ 375.000000, 325.000000 ]
TRAVEL = [ 5.500000, 5.500000 ]

[engine]
ENGINE_BRAKING = [ 0.700000, 0.800000, 0.900000 ]
FLYWHEEL_MASS = 8.000000
IDLE = 800.000000
MAX_RPM = 7500.000000
RED_LINE = 6500.000000
TORQUE = [ 168.000000, 236.000000, 347.000000, 499.000000, 596.000000, 525.000000, 462.000000, 420.000000, 389.000000 ]

[induction]
HIGH_BOOST = 0.250000
LOW_BOOST = 0.250000
PSI = 13.000000
SPOOL = 0.000000
SPOOL_TIME_DOWN = 0.250000
SPOOL_TIME_UP = 0.000000
VACUUM = 0.000000

[tires]
DYNAMIC_GRIP = [ 2.000000, 2.100000 ]
GRIP_SCALE = [ 1.085000, 1.085000 ]
STATIC_GRIP = [ 2.200000, 2.300000 ]
STEERING = 1.000000
YAW_CONTROL = [ 0.350000, 0.650000, 0.850000, 1.200000 ]
YAW_SPEED = 0.370000

[transmission]
CLUTCH_SLIP = 0.750000
DIFFERENTIAL = [ 0.000000, 0.750000, 0.000000 ]
FINAL_GEAR = 3.580000
GEAR_EFFICIENCY = [ 1.000000, 1.000000, 0.820000, 0.800000, 1.000000, 1.000000, 1.000000, 1.000000, 1.000000 ]
GEAR_RATIO = [ 2.500000, 0.000000, 2.570000, 1.670000, 1.270000, 1.000000, 0.810000, 0.680000, 0.000000 ]
OPTIMAL_SHIFT = 500.000000
SHIFT_SPEED = 0.250000
TORQUE_CONVERTER = 0.200000
TORQUE_SPLIT = 0.000000