[pvehicle]
TENSOR_SCALE = [ 1.400000, 2.500000, 1.400000, 0.000000 ]

[brakes]
BRAKE_LOCK = [ 1.000000, 3.300000 ]
BRAKES = [ 475.000000, 500.000000 ]
EBRAKE = 605.000000

[chassis]
AERO_CG = 48.000000
AERO_COEFFICIENT = 0.185000
DIVE_SPEED = 1.000000
DRAG_COEFFICIENT = 0.365000
FRONT_WEIGHT_BIAS = 54.000000
RENDER_MOTION = 1.000000
RIDE_HEIGHT = [ 8.500000, 8.500000 ]
ROLL_CENTER = 10.000000
ROLL_SPEED = 1.000000
SHOCK_BLOWOUT = 5.000000
SHOCK_DIGRESSION = [ 0.400000, 0.400000 ]
SHOCK_EXT_STIFFNESS = [ 42.000000, 40.000000 ]
SHOCK_STIFFNESS = [ 32.000000, 30.000000 ]
SHOCK_VALVING = [ 18.500000, 18.500000 ]
SPRING_PROGRESSION = [ 6.000000, 6.000000 ]
SPRING_STIFFNESS = [ 550.000000, 510.000000 ]
SQUAT_SPEED = 1.000000
SWAYBAR_STIFFNESS = [ 210.000000, 150.000000 ]
TRAVEL = [ 7.000000, 7.000000 ]

[engine]
ENGINE_BRAKING = [ 0.700000, 0.800000, 0.900000 ]
FLYWHEEL_MASS = 12.000000
IDLE = 800.000000
MAX_RPM = 7400.000000
RED_LINE = 6400.000000
TORQUE = [ 113.000000, 143.000000, 190.000000, 223.000000, 220.000000, 205.000000, 184.000000, 165.000000, 149.000000 ]

[tires]
DYNAMIC_GRIP = [ 1.400000, 1.452000 ]
GRIP_SCALE = [ 1.025000, 1.065000 ]
STATIC_GRIP = [ 1.600000, 1.650000 ]
STEERING = 1.000000
YAW_CONTROL = [ 0.250000, 0.500000, 0.600000, 0.750000 ]
YAW_SPEED = 0.370000

[transmission]
CLUTCH_SLIP = 0.800000
DIFFERENTIAL = [ 0.000000, 0.700000, 0.000000 ]
FINAL_GEAR = 3.800000
GEAR_EFFICIENCY = [ 1.000000, 1.000000, 1.000000, 1.000000, 1.000000, 1.000000, 1.000000, 1.000000, 1.000000 ]
GEAR_RATIO = [ 2.500000, 0.000000, 3.570000, 2.060000, 1.380000, 1.000000, 0.810000, 0.000000, 0.000000 ]
OPTIMAL_SHIFT = 500.000000
SHIFT_SPEED = 0.100000
TORQUE_CONVERTER = 0.300000
TORQUE_SPLIT = 0.000000