[pvehicle]
TENSOR_SCALE = [ 1.000000, 2.000000, 1.000000, 0.000000 ]

[brakes]
BRAKE_LOCK = [ 1.000000, 3.500000 ]
BRAKES = [ 450.000000, 550.000000 ]
EBRAKE = 700.000000

[chassis]
AERO_CG = 48.000000
AERO_COEFFICIENT = 0.250000
DIVE_SPEED = 1.000000
DRAG_COEFFICIENT = 0.400000
FRONT_WEIGHT_BIAS = 53.000000
RENDER_MOTION = 1.000000
RIDE_HEIGHT = [ 8.000000, 8.000000 ]
ROLL_CENTER = 8.600000
ROLL_SPEED = 1.000000
SHOCK_BLOWOUT = 6.000000
SHOCK_DIGRESSION = [ 0.150000, 0.150000 ]
SHOCK_EXT_STIFFNESS = [ 65.000000, 80.000000 ]
SHOCK_STIFFNESS = [ 60.000000, 75.000000 ]
SHOCK_VALVING = [ 24.000000, 24.000000 ]
SPRING_PROGRESSION = [ 6.000000, 6.000000 ]
SPRING_STIFFNESS = [ 425.000000, 600.000000 ]
SQUAT_SPEED = 1.000000
SWAYBAR_STIFFNESS = [ 250.000000, 200.000000 ]
TRAVEL = [ 7.000000, 7.000000 ]

[engine]
ENGINE_BRAKING = [ 0.700000, 0.800000, 0.900000 ]
FLYWHEEL_MASS = 10.000000
IDLE = 800.000000
MAX_RPM = 7800.000000
RED_LINE = 6800.000000
TORQUE = [ 135.000000, 161.000000, 184.000000, 293.000000, 345.000000, 330.000000, 292.000000, 259.000000, 233.000000 ]

[induction]
HIGH_BOOST = 0.100000
LOW_BOOST = 0.100000
PSI = 12.000000
SPOOL = 0.200000
SPOOL_TIME_DOWN = 0.250000
SPOOL_TIME_UP = 2.000000
VACUUM = -0.050000

[tires]
DYNAMIC_GRIP = [ 1.800000, 2.050000 ]
GRIP_SCALE = [ 1.200000, 1.200000 ]
STATIC_GRIP = [ 2.000000, 2.200000 ]
STEERING = 1.050000
YAW_CONTROL = [ 0.350000, 0.450000, 0.550000, 1.000000 ]
YAW_SPEED = 0.300000

[transmission]
CLUTCH_SLIP = 0.800000
DIFFERENTIAL = [ 0.000000, 0.800000, 0.000000 ]
FINAL_GEAR = 3.300000
GEAR_EFFICIENCY = [ 1.000000, 1.000000, 1.000000, 1.000000, 1.000000, 1.000000, 1.000000, 1.000000, 1.000000 ]
GEAR_RATIO = [ 3.000000, 0.000000, 3.400000, 2.250000, 1.690000, 1.310000, 1.050000, 0.900000, 0.000000 ]
OPTIMAL_SHIFT = 500.000000
SHIFT_SPEED = 0.250000
TORQUE_CONVERTER = 0.500000
TORQUE_SPLIT = 0.000000