[brakes]
BRAKE_LOCK = [ 1.000000, 3.250000 ]
BRAKES = [ 525.000000, 650.000000 ]
EBRAKE = 875.000000

[chassis]
AERO_CG = 47.400002
AERO_COEFFICIENT = 0.285000
DRAG_COEFFICIENT = 0.450000
FRONT_WEIGHT_BIAS = 52.750000
RENDER_MOTION = 0.500000
RIDE_HEIGHT = [ 6.000000, 6.000000 ]
ROLL_CENTER = 8.500000
SHOCK_BLOWOUT = 8.000000
SHOCK_DIGRESSION = [ 0.100000, 0.100000 ]
SHOCK_EXT_STIFFNESS = [ 85.000000, 85.000000 ]
SHOCK_STIFFNESS = [ 60.000000, 60.000000 ]
SHOCK_VALVING = [ 24.000000, 24.000000 ]
SPRING_PROGRESSION = [ 7.000000, 7.000000 ]
SPRING_STIFFNESS = [ 600.000000, 625.000000 ]
SWAYBAR_STIFFNESS = [ 200.000000, 200.000000 ]
TRAVEL = [ 6.000000, 6.000000 ]

[tires]
DYNAMIC_GRIP = [ 1.950000, 2.050000 ]
GRIP_SCALE = [ 1.000000, 1.020000 ]
STATIC_GRIP = [ 2.150000, 2.250000 ]
STEERING = 1.000000
YAW_CONTROL = [ 0.100000, 0.600000, 0.750000, 1.000000 ]
YAW_SPEED = 0.470000

[transmission]
GEAR_RATIO = [ 2.600000, 0.000000, 2.700000, 1.700000, 1.170000, 0.900000, 0.780000, 0.682000 ]
DIFFERENTIAL = [ 0.800000, 0.800000, 0.000000 ]
GEAR_EFFICIENCY = [ 1.000000, 1.000000, 1.000000, 1.000000, 1.000000, 1.000000, 1.000000, 1.000000, 1.000000 ]
TORQUE_CONVERTER = 0.300000
TORQUE_SPLIT = 0.000000
CLUTCH_SLIP = 0.800000
OPTIMAL_SHIFT = 500.000000
SHIFT_SPEED = 0.250000
FINAL_GEAR = 3.300000

[engine]
TORQUE = [ 198.000000, 300.000000, 525.000000, 648.000000, 640.000000, 576.000000, 498.000000, 444.000000, 396.000000 ]
ENGINE_BRAKING = [ 0.700000, 0.800000, 0.900000 ]
FLYWHEEL_MASS = 10.000000
MAX_RPM = 7800.000000
RED_LINE = 6800.000000
IDLE = 800.000000

[induction]
LOW_BOOST = 0.300000
SPOOL_TIME_DOWN = 0.250000
VACUUM = -0.030000
SPOOL = 0.100000
SPOOL_TIME_UP = 1.500000
PSI = 12.000000
HIGH_BOOST = 0.300000

[pvehicle]
TENSOR_SCALE = [ 1.000000, 2.000000, 1.000000 ]