[brakes]
BRAKE_LOCK = [ 1.000000, 3.500000 ]
BRAKES = [ 375.000000, 500.000000 ]
EBRAKE = 850.000000

[chassis]
AERO_CG = 47.000000
AERO_COEFFICIENT = 0.240000
DRAG_COEFFICIENT = 0.320000
FRONT_WEIGHT_BIAS = 54.000000
RENDER_MOTION = 1.000000
RIDE_HEIGHT = [ 7.500000, 7.500000 ]
ROLL_CENTER = 9.000000
SHOCK_BLOWOUT = 5.000000
SHOCK_DIGRESSION = [ 0.300000, 0.300000 ]
SHOCK_EXT_STIFFNESS = [ 50.000000, 50.000000 ]
SHOCK_STIFFNESS = [ 40.000000, 40.000000 ]
SHOCK_VALVING = [ 17.000000, 17.000000 ]
SPRING_PROGRESSION = [ 7.500000, 6.000000 ]
SPRING_STIFFNESS = [ 400.000000, 400.000000 ]
SWAYBAR_STIFFNESS = [ 275.000000, 200.000000 ]
TRAVEL = [ 7.000000, 7.000000 ]

[tires]
DYNAMIC_GRIP = [ 1.700000, 1.700000 ]
GRIP_SCALE = [ 1.000000, 1.000000 ]
STATIC_GRIP = [ 1.800000, 2.000000 ]
STEERING = 1.000000
YAW_CONTROL = [ 0.100000, 0.400000, 0.600000, 1.000000 ]
YAW_SPEED = 0.300000

[transmission]
GEAR_RATIO = [ 3.790000, 0.000000, 3.400000, 2.085000, 1.500000, 1.250000, 1.090000, 0.910000 ]
DIFFERENTIAL = [ 0.800000, 0.800000, 0.000000 ]
GEAR_EFFICIENCY = [ 1.000000, 1.000000, 1.000000, 1.000000, 1.000000, 1.000000, 1.000000, 1.000000, 1.000000 ]
TORQUE_CONVERTER = 0.200000
TORQUE_SPLIT = 0.000000
CLUTCH_SLIP = 0.800000
OPTIMAL_SHIFT = 500.000000
SHIFT_SPEED = 0.250000
FINAL_GEAR = 3.850000

[engine]
TORQUE = [ 149.000000, 179.000000, 222.000000, 266.000000, 283.000000, 275.000000, 255.000000, 235.000000, 228.000000 ]
ENGINE_BRAKING = [ 0.700000, 0.800000, 0.900000 ]
FLYWHEEL_MASS = 10.000000
MAX_RPM = 9500.000000
RED_LINE = 8500.000000
IDLE = 800.000000

[pvehicle]
TENSOR_SCALE = [ 1.000000, 2.000000, 1.000000 ]