[brakes]
BRAKE_LOCK = [ 1.000000, 3.000000 ]
BRAKES = [ 475.000000, 600.000000 ]
EBRAKE = 750.000000

[chassis]
AERO_CG = 47.500000
AERO_COEFFICIENT = 0.270000
DRAG_COEFFICIENT = 0.380000
FRONT_WEIGHT_BIAS = 53.700001
RENDER_MOTION = 0.500000
RIDE_HEIGHT = [ 7.000000, 7.000000 ]
ROLL_CENTER = 9.000000
SHOCK_BLOWOUT = 6.000000
SHOCK_DIGRESSION = [ 0.100000, 0.100000 ]
SHOCK_EXT_STIFFNESS = [ 85.000000, 85.000000 ]
SHOCK_STIFFNESS = [ 70.000000, 70.000000 ]
SHOCK_VALVING = [ 20.000000, 20.000000 ]
SPRING_PROGRESSION = [ 7.500000, 8.000000 ]
SPRING_STIFFNESS = [ 650.000000, 675.000000 ]
SWAYBAR_STIFFNESS = [ 260.000000, 260.000000 ]
TRAVEL = [ 6.500000, 6.500000 ]

[tires]
DYNAMIC_GRIP = [ 1.800000, 1.900000 ]
GRIP_SCALE = [ 1.150000, 1.150000 ]
STATIC_GRIP = [ 2.000000, 2.100000 ]
STEERING = 1.050000
YAW_CONTROL = [ 0.100000, 0.400000, 0.800000, 1.200000 ]
YAW_SPEED = 0.300000

[transmission]
GEAR_RATIO = [ 3.000000, 0.000000, 2.930000, 1.900000, 1.430000, 1.100000, 0.900000, 0.750000 ]
DIFFERENTIAL = [ 0.700000, 0.700000, 0.000000 ]
GEAR_EFFICIENCY = [ 1.000000, 1.000000, 1.000000, 1.000000, 1.000000, 1.000000, 1.000000, 1.000000, 1.000000 ]
TORQUE_CONVERTER = 0.300000
TORQUE_SPLIT = 0.000000
CLUTCH_SLIP = 0.750000
OPTIMAL_SHIFT = 500.000000
SHIFT_SPEED = 0.250000
FINAL_GEAR = 2.900000

[engine]
TORQUE = [ 189.000000, 303.000000, 424.000000, 545.000000, 595.000000, 551.000000, 488.000000, 435.000000, 403.000000 ]
ENGINE_BRAKING = [ 0.700000, 0.800000, 0.900000 ]
FLYWHEEL_MASS = 14.000000
MAX_RPM = 7500.000000
RED_LINE = 6500.000000
IDLE = 800.000000

[induction]
LOW_BOOST = 0.300000
SPOOL_TIME_DOWN = 0.250000
VACUUM = 0.000000
SPOOL = 0.000000
SPOOL_TIME_UP = 2.000000
PSI = 15.000000
HIGH_BOOST = 0.220000

[pvehicle]
TENSOR_SCALE = [ 1.500000, 2.000000, 1.500000 ]