[brakes]
BRAKE_LOCK = [ 1.000000, 3.000000 ]
BRAKES = [ 340.000000, 480.000000 ]
EBRAKE = 425.000000

[chassis]
AERO_CG = 49.000000
AERO_COEFFICIENT = 0.180000
DRAG_COEFFICIENT = 0.370000
FRONT_WEIGHT_BIAS = 53.200001
RENDER_MOTION = 1.000000
RIDE_HEIGHT = [ 8.850000, 8.850000 ]
ROLL_CENTER = 9.500000
SHOCK_BLOWOUT = 6.000000
SHOCK_DIGRESSION = [ 0.200000, 0.200000 ]
SHOCK_EXT_STIFFNESS = [ 60.000000, 60.000000 ]
SHOCK_STIFFNESS = [ 50.000000, 50.000000 ]
SHOCK_VALVING = [ 24.000000, 24.000000 ]
SPRING_PROGRESSION = [ 7.200000, 7.000000 ]
SPRING_STIFFNESS = [ 475.000000, 450.000000 ]
SWAYBAR_STIFFNESS = [ 200.000000, 210.000000 ]
TRAVEL = [ 7.500000, 7.500000 ]

[tires]
DYNAMIC_GRIP = [ 1.500000, 1.500000 ]
GRIP_SCALE = [ 1.000000, 1.000000 ]
STATIC_GRIP = [ 1.700000, 1.720000 ]
STEERING = 1.100000
YAW_CONTROL = [ 0.100000, 0.200000, 0.650000, 1.000000 ]
YAW_SPEED = 0.300000

[transmission]
GEAR_RATIO = [ 2.700000, 0.000000, 2.970000, 2.070000, 1.510000, 1.150000, 0.920000, 0.740000 ]
DIFFERENTIAL = [ 0.650000, 0.650000, 0.000000 ]
GEAR_EFFICIENCY = [ 1.000000, 1.000000, 1.000000, 1.000000, 1.000000, 1.000000, 1.000000, 1.000000, 1.000000 ]
TORQUE_CONVERTER = 0.600000
TORQUE_SPLIT = 0.000000
CLUTCH_SLIP = 0.800000
OPTIMAL_SHIFT = 500.000000
SHIFT_SPEED = 0.250000
FINAL_GEAR = 3.420000

[engine]
TORQUE = [ 100.000000, 150.000000, 210.000000, 300.000000, 400.000000, 370.000000, 335.000000, 305.000000, 280.000000 ]
ENGINE_BRAKING = [ 0.700000, 0.750000, 0.800000 ]
FLYWHEEL_MASS = 12.000000
MAX_RPM = 7500.000000
RED_LINE = 6500.000000
IDLE = 800.000000

[pvehicle]
TENSOR_SCALE = [ 1.500000, 2.000000, 1.500000 ]