[brakes]
BRAKE_LOCK = [ 1.000000, 3.400000 ]
BRAKES = [ 425.000000, 650.000000 ]
EBRAKE = 700.000000

[chassis]
AERO_CG = 51.299999
AERO_COEFFICIENT = 0.260000
DRAG_COEFFICIENT = 0.350000
FRONT_WEIGHT_BIAS = 53.900002
RENDER_MOTION = 0.500000
RIDE_HEIGHT = [ 7.100000, 7.100000 ]
ROLL_CENTER = 8.250000
SHOCK_BLOWOUT = 6.000000
SHOCK_DIGRESSION = [ 0.600000, 0.600000 ]
SHOCK_EXT_STIFFNESS = [ 90.000000, 90.000000 ]
SHOCK_STIFFNESS = [ 85.000000, 85.000000 ]
SHOCK_VALVING = [ 24.000000, 24.000000 ]
SPRING_PROGRESSION = [ 8.000000, 8.000000 ]
SPRING_STIFFNESS = [ 510.000000, 520.000000 ]
SWAYBAR_STIFFNESS = [ 400.000000, 300.000000 ]
TRAVEL = [ 6.000000, 6.000000 ]

[tires]
DYNAMIC_GRIP = [ 1.900000, 1.950000 ]
GRIP_SCALE = [ 1.100000, 1.100000 ]
STATIC_GRIP = [ 2.100000, 2.150000 ]
STEERING = 1.115000
YAW_CONTROL = [ 0.000000, 0.100000, 0.200000, 0.300000 ]
YAW_SPEED = 0.500000

[transmission]
GEAR_RATIO = [ 2.500000, 0.000000, 2.660000, 1.780000, 1.300000, 1.000000, 0.770000, 0.670000 ]
DIFFERENTIAL = [ 0.750000, 0.750000, 0.000000 ]
GEAR_EFFICIENCY = [ 1.000000, 1.000000, 1.000000, 1.000000, 1.000000, 1.000000, 1.000000, 1.000000, 1.000000 ]
TORQUE_CONVERTER = 0.300000
TORQUE_SPLIT = 0.000000
CLUTCH_SLIP = 0.700000
OPTIMAL_SHIFT = 500.000000
SHIFT_SPEED = 0.250000
FINAL_GEAR = 3.000000

[engine]
TORQUE = [ 218.000000, 382.000000, 599.000000, 683.000000, 654.000000, 578.000000, 507.000000, 467.000000, 442.000000 ]
ENGINE_BRAKING = [ 0.700000, 0.800000, 0.900000 ]
FLYWHEEL_MASS = 14.000000
MAX_RPM = 7000.000000
RED_LINE = 6000.000000
IDLE = 800.000000

[induction]
LOW_BOOST = 0.250000
SPOOL_TIME_DOWN = 0.250000
VACUUM = 0.000000
SPOOL = 0.000000
SPOOL_TIME_UP = 2.000000
PSI = 15.000000
HIGH_BOOST = 0.250000

[pvehicle]
TENSOR_SCALE = [ 1.000000, 2.000000, 1.000000 ]