[pvehicle]
TENSOR_SCALE = [ 1.000000, 2.000000, 1.000000, 0.000000 ]

[brakes]
BRAKE_LOCK = [ 1.000000, 3.100000 ]
BRAKES = [ 550.000000, 675.000000 ]
EBRAKE = 850.000000

[chassis]
AERO_CG = 51.000000
AERO_COEFFICIENT = 0.220000
DIVE_SPEED = 1.000000
DRAG_COEFFICIENT = 0.300000
FRONT_WEIGHT_BIAS = 52.000000
RENDER_MOTION = 0.700000
RIDE_HEIGHT = [ 6.000000, 6.000000 ]
ROLL_CENTER = 10.750000
ROLL_SPEED = 1.000000
SHOCK_BLOWOUT = 6.000000
SHOCK_DIGRESSION = [ 0.400000, 0.400000 ]
SHOCK_EXT_STIFFNESS = [ 70.000000, 72.559998 ]
SHOCK_STIFFNESS = [ 60.000000, 65.000000 ]
SHOCK_VALVING = [ 17.000000, 17.000000 ]
SPRING_PROGRESSION = [ 6.000000, 8.000000 ]
SPRING_STIFFNESS = [ 500.000000, 675.000000 ]
SQUAT_SPEED = 1.000000
SWAYBAR_STIFFNESS = [ 200.000000, 335.000000 ]
TRAVEL = [ 7.000000, 7.000000 ]

[engine]
ENGINE_BRAKING = [ 0.700000, 0.800000, 0.900000 ]
FLYWHEEL_MASS = 13.000000
IDLE = 800.000000
MAX_RPM = 6800.000000
RED_LINE = 5800.000000
TORQUE = [ 260.000000, 393.000000, 608.000000, 686.000000, 665.000000, 588.000000, 525.000000, 466.000000, 420.000000 ]

[induction]
HIGH_BOOST = 0.200000
LOW_BOOST = 0.200000
PSI = 15.000000
SPOOL = 0.000000
SPOOL_TIME_DOWN = 0.250000
SPOOL_TIME_UP = 1.000000
VACUUM = 0.000000

[tires]
DYNAMIC_GRIP = [ 1.700000, 1.700000 ]
GRIP_SCALE = [ 1.000000, 1.000000 ]
STATIC_GRIP = [ 1.900000, 2.000000 ]
STEERING = 1.050000
YAW_CONTROL = [ 0.000000, 0.100000, 0.200000, 0.300000 ]
YAW_SPEED = 0.330000

[transmission]
CLUTCH_SLIP = 0.700000
DIFFERENTIAL = [ 0.000000, 0.600000, 0.000000 ]
FINAL_GEAR = 3.475000
GEAR_EFFICIENCY = [ 1.000000, 1.000000, 1.000000, 1.000000, 1.000000, 1.000000, 1.000000, 1.000000, 1.000000 ]
GEAR_RATIO = [ 3.170000, 0.000000, 3.700000, 2.000000, 1.425000, 1.150000, 0.950000, 0.800000, 0.000000 ]
OPTIMAL_SHIFT = 500.000000
SHIFT_SPEED = 0.250000
TORQUE_CONVERTER = 0.600000
TORQUE_SPLIT = 0.000000