[brakes]
BRAKE_LOCK = [ 1.000000, 3.500000 ]
BRAKES = [ 360.000000, 500.000000 ]
EBRAKE = 500.000000

[chassis]
AERO_CG = 49.000000
AERO_COEFFICIENT = 0.170000
DRAG_COEFFICIENT = 0.300000
FRONT_WEIGHT_BIAS = 53.000000
RENDER_MOTION = 1.000000
RIDE_HEIGHT = [ 8.500000, 8.500000 ]
ROLL_CENTER = 9.500000
SHOCK_BLOWOUT = 6.000000
SHOCK_DIGRESSION = [ 0.200000, 0.200000 ]
SHOCK_EXT_STIFFNESS = [ 54.000000, 50.000000 ]
SHOCK_STIFFNESS = [ 44.000000, 44.000000 ]
SHOCK_VALVING = [ 20.000000, 20.000000 ]
SPRING_PROGRESSION = [ 6.000000, 6.000000 ]
SPRING_STIFFNESS = [ 350.000000, 330.000000 ]
SWAYBAR_STIFFNESS = [ 210.000000, 200.000000 ]
TRAVEL = [ 8.000000, 8.000000 ]

[tires]
DYNAMIC_GRIP = [ 1.400000, 1.500000 ]
GRIP_SCALE = [ 1.000000, 1.000000 ]
STATIC_GRIP = [ 1.600000, 1.700000 ]
STEERING = 1.070000
YAW_CONTROL = [ 0.025000, 0.250000, 0.400000, 0.500000 ]
YAW_SPEED = 0.400000

[transmission]
GEAR_RATIO = [ 3.400000, 0.000000, 3.200000, 2.110000, 1.560000, 1.170000, 0.920000, 0.770000 ]
DIFFERENTIAL = [ 0.700000, 0.750000, 0.750000 ]
GEAR_EFFICIENCY = [ 1.000000, 1.000000, 0.870000, 0.900000, 1.000000, 1.000000, 1.000000, 1.000000, 1.000000 ]
TORQUE_CONVERTER = 0.600000
TORQUE_SPLIT = 0.500000
CLUTCH_SLIP = 0.800000
OPTIMAL_SHIFT = 500.000000
SHIFT_SPEED = 0.250000
FINAL_GEAR = 3.000000

[engine]
TORQUE = [ 143.000000, 209.000000, 330.000000, 459.000000, 550.000000, 506.000000, 440.000000, 396.000000, 363.000000 ]
ENGINE_BRAKING = [ 0.700000, 0.800000, 0.900000 ]
FLYWHEEL_MASS = 10.000000
MAX_RPM = 8000.000000
RED_LINE = 7000.000000
IDLE = 800.000000

[induction]
LOW_BOOST = 0.150000
SPOOL_TIME_DOWN = 0.250000
VACUUM = -0.100000
SPOOL = 0.200000
SPOOL_TIME_UP = 2.500000
PSI = 14.000000
HIGH_BOOST = 0.150000

[pvehicle]
TENSOR_SCALE = [ 1.000000, 2.000000, 1.000000 ]