[brakes]
BRAKE_LOCK = [ 1.000000, 3.300000 ]
BRAKES = [ 475.000000, 600.000000 ]
EBRAKE = 850.000000

[chassis]
AERO_CG = 48.000000
AERO_COEFFICIENT = 0.280000
DRAG_COEFFICIENT = 0.342500
FRONT_WEIGHT_BIAS = 53.000000
RENDER_MOTION = 0.500000
RIDE_HEIGHT = [ 6.000000, 6.000000 ]
ROLL_CENTER = 9.500000
SHOCK_BLOWOUT = 6.000000
SHOCK_DIGRESSION = [ 0.100000, 0.100000 ]
SHOCK_EXT_STIFFNESS = [ 75.000000, 85.000000 ]
SHOCK_STIFFNESS = [ 70.000000, 80.000000 ]
SHOCK_VALVING = [ 24.000000, 24.000000 ]
SPRING_PROGRESSION = [ 7.000000, 7.500000 ]
SPRING_STIFFNESS = [ 675.000000, 750.000000 ]
SWAYBAR_STIFFNESS = [ 200.000000, 200.000000 ]
TRAVEL = [ 7.000000, 7.000000 ]

[tires]
DYNAMIC_GRIP = [ 1.900000, 1.900000 ]
GRIP_SCALE = [ 1.200000, 1.200000 ]
STATIC_GRIP = [ 2.100000, 2.100000 ]
STEERING = 1.075000
YAW_CONTROL = [ 0.100000, 0.200000, 0.300000, 1.000000 ]
YAW_SPEED = 0.650000

[transmission]
GEAR_RATIO = [ 3.390000, 0.000000, 3.340000, 2.000000, 1.320000, 1.000000, 0.800000, 0.650000 ]
DIFFERENTIAL = [ 0.600000, 0.600000, 0.000000 ]
GEAR_EFFICIENCY = [ 1.000000, 1.000000, 1.000000, 1.000000, 1.000000, 1.000000, 1.000000, 1.000000, 1.000000 ]
TORQUE_CONVERTER = 0.600000
TORQUE_SPLIT = 0.000000
CLUTCH_SLIP = 0.700000
OPTIMAL_SHIFT = 500.000000
SHIFT_SPEED = 0.250000
FINAL_GEAR = 3.300000

[engine]
TORQUE = [ 175.000000, 275.000000, 475.000000, 640.000000, 630.000000, 560.000000, 510.000000, 475.000000, 450.000000 ]
ENGINE_BRAKING = [ 0.700000, 0.800000, 0.900000 ]
FLYWHEEL_MASS = 10.000000
MAX_RPM = 7250.000000
RED_LINE = 6250.000000
IDLE = 800.000000

[induction]
LOW_BOOST = 0.220000
SPOOL_TIME_DOWN = 0.250000
VACUUM = 0.000000
SPOOL = 0.000000
SPOOL_TIME_UP = 1.000000
PSI = 15.000000
HIGH_BOOST = 0.040000

[pvehicle]
TENSOR_SCALE = [ 1.000000, 3.500000, 1.000000 ]