[brakes]
BRAKE_LOCK = [ 1.000000, 3.250000 ]
BRAKES = [ 450.000000, 550.000000 ]
EBRAKE = 700.000000

[chassis]
AERO_CG = 47.000000
AERO_COEFFICIENT = 0.220000
DRAG_COEFFICIENT = 0.320000
FRONT_WEIGHT_BIAS = 53.500000
RENDER_MOTION = 0.500000
RIDE_HEIGHT = [ 7.000000, 7.000000 ]
ROLL_CENTER = 9.250000
SHOCK_BLOWOUT = 6.000000
SHOCK_DIGRESSION = [ 0.200000, 0.200000 ]
SHOCK_EXT_STIFFNESS = [ 70.000000, 60.000000 ]
SHOCK_STIFFNESS = [ 60.000000, 50.000000 ]
SHOCK_VALVING = [ 24.000000, 24.000000 ]
SPRING_PROGRESSION = [ 7.000000, 6.500000 ]
SPRING_STIFFNESS = [ 650.000000, 500.000000 ]
SWAYBAR_STIFFNESS = [ 300.000000, 225.000000 ]
TRAVEL = [ 7.500000, 7.000000 ]

[tires]
DYNAMIC_GRIP = [ 1.800000, 1.900000 ]
GRIP_SCALE = [ 1.000000, 1.000000 ]
STATIC_GRIP = [ 2.000000, 2.100000 ]
STEERING = 1.000000
YAW_CONTROL = [ 0.100000, 0.600000, 0.800000, 1.000000 ]
YAW_SPEED = 0.300000

[transmission]
GEAR_RATIO = [ 3.309000, 0.000000, 3.545000, 2.158000, 1.480000, 1.121000, 0.921000, 0.755000 ]
DIFFERENTIAL = [ 0.700000, 0.700000, 0.000000 ]
GEAR_EFFICIENCY = [ 1.000000, 1.000000, 1.000000, 1.000000, 1.000000, 1.000000, 1.000000, 1.000000, 1.000000 ]
TORQUE_CONVERTER = 0.400000
TORQUE_SPLIT = 1.000000
CLUTCH_SLIP = 0.800000
OPTIMAL_SHIFT = 500.000000
SHIFT_SPEED = 0.250000
FINAL_GEAR = 2.500000

[engine]
TORQUE = [ 200.000000, 270.000000, 390.000000, 466.000000, 456.000000, 418.000000, 380.000000, 347.000000, 314.000000 ]
ENGINE_BRAKING = [ 0.500000, 0.600000, 0.700000 ]
FLYWHEEL_MASS = 12.000000
MAX_RPM = 7500.000000
RED_LINE = 6500.000000
IDLE = 800.000000

[induction]
LOW_BOOST = 0.100000
SPOOL_TIME_DOWN = 0.250000
VACUUM = -0.050000
SPOOL = 0.200000
SPOOL_TIME_UP = 2.000000
PSI = 14.000000
HIGH_BOOST = 0.200000

[pvehicle]
TENSOR_SCALE = [ 1.000000, 2.000000, 1.000000 ]