[brakes]
BRAKE_LOCK = [ 1.000000, 3.000000 ]
BRAKES = [ 400.000000, 550.000000 ]
EBRAKE = 700.000000

[chassis]
AERO_CG = 49.000000
AERO_COEFFICIENT = 0.250000
DRAG_COEFFICIENT = 0.400000
FRONT_WEIGHT_BIAS = 54.000000
RENDER_MOTION = 0.500000
RIDE_HEIGHT = [ 8.000000, 8.000000 ]
ROLL_CENTER = 9.300000
SHOCK_BLOWOUT = 6.000000
SHOCK_DIGRESSION = [ 0.150000, 0.150000 ]
SHOCK_EXT_STIFFNESS = [ 65.000000, 65.000000 ]
SHOCK_STIFFNESS = [ 55.000000, 55.000000 ]
SHOCK_VALVING = [ 24.000000, 24.000000 ]
SPRING_PROGRESSION = [ 8.100000, 7.500000 ]
SPRING_STIFFNESS = [ 600.000000, 550.000000 ]
SWAYBAR_STIFFNESS = [ 398.000000, 350.000000 ]
TRAVEL = [ 6.500000, 6.500000 ]

[tires]
DYNAMIC_GRIP = [ 1.800000, 1.800000 ]
GRIP_SCALE = [ 1.070000, 1.070000 ]
STATIC_GRIP = [ 2.000000, 2.000000 ]
STEERING = 1.125000
YAW_CONTROL = [ 0.100000, 0.350000, 0.700000, 1.000000 ]
YAW_SPEED = 0.400000

[transmission]
GEAR_RATIO = [ 2.800000, 0.000000, 3.214000, 2.238000, 1.535000, 1.171000, 1.000000, 0.770000 ]
DIFFERENTIAL = [ 0.800000, 0.800000, 0.000000 ]
GEAR_EFFICIENCY = [ 1.000000, 1.000000, 1.000000, 1.000000, 1.000000, 1.000000, 1.000000, 1.000000, 1.000000 ]
TORQUE_CONVERTER = 0.500000
TORQUE_SPLIT = 1.000000
CLUTCH_SLIP = 0.800000
OPTIMAL_SHIFT = 500.000000
SHIFT_SPEED = 0.250000
FINAL_GEAR = 2.800000

[engine]
TORQUE = [ 150.000000, 250.000000, 350.000000, 475.000000, 587.000000, 529.000000, 473.000000, 428.000000, 401.000000 ]
ENGINE_BRAKING = [ 0.700000, 0.800000, 0.900000 ]
FLYWHEEL_MASS = 10.000000
MAX_RPM = 7500.000000
RED_LINE = 6500.000000
IDLE = 800.000000

[induction]
LOW_BOOST = 0.300000
SPOOL_TIME_DOWN = 0.250000
VACUUM = -0.050000
SPOOL = 0.200000
SPOOL_TIME_UP = 2.000000
PSI = 15.000000
HIGH_BOOST = 0.300000

[pvehicle]
TENSOR_SCALE = [ 1.000000, 2.000000, 1.000000 ]