[brakes]
BRAKE_LOCK = [ 1.000000, 3.250000 ]
BRAKES = [ 359.000000, 475.000000 ]
EBRAKE = 550.000000

[chassis]
AERO_CG = 48.500000
AERO_COEFFICIENT = 0.185000
DRAG_COEFFICIENT = 0.270000
FRONT_WEIGHT_BIAS = 51.000000
RENDER_MOTION = 1.000000
RIDE_HEIGHT = [ 9.000000, 9.000000 ]
ROLL_CENTER = 9.500000
SHOCK_BLOWOUT = 5.000000
SHOCK_DIGRESSION = [ 0.350000, 0.350000 ]
SHOCK_EXT_STIFFNESS = [ 55.000000, 60.000000 ]
SHOCK_STIFFNESS = [ 40.000000, 40.000000 ]
SHOCK_VALVING = [ 19.000000, 19.000000 ]
SPRING_PROGRESSION = [ 6.000000, 6.000000 ]
SPRING_STIFFNESS = [ 300.000000, 300.000000 ]
SWAYBAR_STIFFNESS = [ 175.000000, 175.000000 ]
TRAVEL = [ 7.000000, 7.000000 ]

[tires]
DYNAMIC_GRIP = [ 1.480000, 1.600000 ]
GRIP_SCALE = [ 1.000000, 1.000000 ]
STATIC_GRIP = [ 1.750000, 1.760000 ]
STEERING = 1.070000
YAW_CONTROL = [ 0.000000, 0.000000, 0.000000, 0.000000 ]
YAW_SPEED = 1.000000

[transmission]
GEAR_RATIO = [ 3.280000, 0.000000, 2.970000, 2.070000, 1.430000, 1.100000, 0.840000, 0.570000 ]
DIFFERENTIAL = [ 0.800000, 0.800000, 0.000000 ]
GEAR_EFFICIENCY = [ 1.000000, 1.000000, 1.000000, 1.000000, 1.000000, 1.000000, 1.000000, 1.000000, 1.000000 ]
TORQUE_CONVERTER = 1.500000
TORQUE_SPLIT = 0.000000
CLUTCH_SLIP = 0.800000
OPTIMAL_SHIFT = 500.000000
SHIFT_SPEED = 0.250000
FINAL_GEAR = 3.460000

[engine]
TORQUE = [ 110.639999, 147.520004, 191.779999, 258.160004, 324.000000, 295.000000, 258.000000, 236.000000, 221.000000 ]
ENGINE_BRAKING = [ 0.700000, 0.800000, 0.900000 ]
FLYWHEEL_MASS = 14.000000
MAX_RPM = 7200.000000
RED_LINE = 6200.000000
IDLE = 800.000000

[pvehicle]
TENSOR_SCALE = [ 1.000000, 2.200000, 1.000000 ]