[brakes]
BRAKE_LOCK = [ 1.000000, 3.500000 ]
BRAKES = [ 450.000000, 600.000000 ]
EBRAKE = 800.000000

[chassis]
AERO_CG = 48.650002
AERO_COEFFICIENT = 0.230000
DRAG_COEFFICIENT = 0.330000
FRONT_WEIGHT_BIAS = 53.000000
RENDER_MOTION = 0.500000
RIDE_HEIGHT = [ 8.000000, 8.000000 ]
ROLL_CENTER = 9.000000
SHOCK_BLOWOUT = 5.000000
SHOCK_DIGRESSION = [ 0.100000, 0.100000 ]
SHOCK_EXT_STIFFNESS = [ 65.000000, 65.000000 ]
SHOCK_STIFFNESS = [ 60.000000, 60.000000 ]
SHOCK_VALVING = [ 20.000000, 20.000000 ]
SPRING_PROGRESSION = [ 7.000000, 7.000000 ]
SPRING_STIFFNESS = [ 600.000000, 650.000000 ]
SWAYBAR_STIFFNESS = [ 150.000000, 150.000000 ]
TRAVEL = [ 7.000000, 7.000000 ]

[tires]
DYNAMIC_GRIP = [ 1.600000, 1.600000 ]
GRIP_SCALE = [ 1.000000, 1.000000 ]
STATIC_GRIP = [ 2.000000, 2.000000 ]
STEERING = 1.000000
YAW_CONTROL = [ 0.100000, 0.400000, 0.800000, 1.000000 ]
YAW_SPEED = 0.700000

[transmission]
GEAR_RATIO = [ 3.288000, 0.000000, 3.483000, 2.015000, 1.391000, 1.100000, 0.850000, 0.700000 ]
DIFFERENTIAL = [ 0.700000, 0.700000, 0.000000 ]
GEAR_EFFICIENCY = [ 1.000000, 1.000000, 1.000000, 1.000000, 1.000000, 1.000000, 1.000000, 1.000000, 1.000000 ]
TORQUE_CONVERTER = 0.700000
TORQUE_SPLIT = 0.000000
CLUTCH_SLIP = 0.800000
OPTIMAL_SHIFT = 500.000000
SHIFT_SPEED = 0.100000
FINAL_GEAR = 3.550000

[engine]
TORQUE = [ 171.000000, 239.000000, 331.000000, 445.000000, 445.000000, 388.000000, 331.000000, 296.000000, 268.000000 ]
ENGINE_BRAKING = [ 0.700000, 0.800000, 0.900000 ]
FLYWHEEL_MASS = 15.000000
MAX_RPM = 9000.000000
RED_LINE = 8000.000000
IDLE = 800.000000

[induction]
LOW_BOOST = 0.200000
SPOOL_TIME_DOWN = 0.250000
VACUUM = -0.050000
SPOOL = 0.200000
SPOOL_TIME_UP = 2.000000
PSI = 15.000000
HIGH_BOOST = 0.200000

[pvehicle]
TENSOR_SCALE = [ 1.000000, 3.500000, 1.000000 ]