[brakes]
BRAKE_LOCK = [ 1.000000, 3.600000 ]
BRAKES = [ 450.000000, 675.000000 ]
EBRAKE = 875.000000

[chassis]
AERO_CG = 49.000000
AERO_COEFFICIENT = 0.280000
DRAG_COEFFICIENT = 0.400000
FRONT_WEIGHT_BIAS = 53.650002
RENDER_MOTION = 0.500000
RIDE_HEIGHT = [ 6.000000, 6.000000 ]
ROLL_CENTER = 8.700000
SHOCK_BLOWOUT = 6.000000
SHOCK_DIGRESSION = [ 0.100000, 0.100000 ]
SHOCK_EXT_STIFFNESS = [ 75.000000, 75.000000 ]
SHOCK_STIFFNESS = [ 65.000000, 65.000000 ]
SHOCK_VALVING = [ 24.000000, 24.000000 ]
SPRING_PROGRESSION = [ 8.000000, 8.000000 ]
SPRING_STIFFNESS = [ 750.000000, 750.000000 ]
SWAYBAR_STIFFNESS = [ 285.000000, 300.000000 ]
TRAVEL = [ 6.000000, 6.000000 ]

[tires]
DYNAMIC_GRIP = [ 1.900000, 1.900000 ]
GRIP_SCALE = [ 1.150000, 1.150000 ]
STATIC_GRIP = [ 2.200000, 2.200000 ]
STEERING = 1.000000
YAW_CONTROL = [ 0.100000, 0.500000, 1.000000, 1.300000 ]
YAW_SPEED = 0.425000

[transmission]
GEAR_RATIO = [ 2.800000, 0.000000, 2.563000, 1.850000, 1.423000, 1.138000, 0.873000, 0.720000 ]
DIFFERENTIAL = [ 0.650000, 0.650000, 0.800000 ]
GEAR_EFFICIENCY = [ 1.000000, 1.000000, 1.000000, 1.000000, 1.000000, 1.000000, 1.000000, 1.000000, 1.000000 ]
TORQUE_CONVERTER = 0.300000
TORQUE_SPLIT = 0.475000
CLUTCH_SLIP = 0.800000
OPTIMAL_SHIFT = 500.000000
SHIFT_SPEED = 0.250000
FINAL_GEAR = 3.500000

[engine]
TORQUE = [ 190.000000, 251.000000, 350.000000, 455.000000, 496.000000, 475.000000, 442.000000, 409.000000, 383.000000 ]
ENGINE_BRAKING = [ 0.700000, 0.800000, 0.900000 ]
FLYWHEEL_MASS = 8.000000
MAX_RPM = 9000.000000
RED_LINE = 8000.000000
IDLE = 800.000000

[induction]
LOW_BOOST = 0.250000
SPOOL_TIME_DOWN = 0.250000
VACUUM = -0.050000
SPOOL = 0.200000
SPOOL_TIME_UP = 1.000000
PSI = 15.000000
HIGH_BOOST = 0.200000

[pvehicle]
TENSOR_SCALE = [ 1.000000, 2.000000, 1.000000 ]