[brakes]
BRAKE_LOCK = [ 1.000000, 3.600000 ]
BRAKES = [ 400.000000, 650.000000 ]
EBRAKE = 800.000000

[chassis]
AERO_CG = 48.000000
AERO_COEFFICIENT = 0.240000
DRAG_COEFFICIENT = 0.385000
FRONT_WEIGHT_BIAS = 53.849998
RENDER_MOTION = 1.000000
RIDE_HEIGHT = [ 6.500000, 6.500000 ]
ROLL_CENTER = 9.600000
SHOCK_BLOWOUT = 6.000000
SHOCK_DIGRESSION = [ 0.300000, 0.300000 ]
SHOCK_EXT_STIFFNESS = [ 55.000000, 55.000000 ]
SHOCK_STIFFNESS = [ 50.000000, 50.000000 ]
SHOCK_VALVING = [ 24.000000, 24.000000 ]
SPRING_PROGRESSION = [ 8.800000, 9.000000 ]
SPRING_STIFFNESS = [ 550.000000, 660.000000 ]
SWAYBAR_STIFFNESS = [ 330.000000, 340.000000 ]
TRAVEL = [ 6.500000, 6.500000 ]

[tires]
DYNAMIC_GRIP = [ 1.900000, 2.000000 ]
GRIP_SCALE = [ 1.000000, 1.000000 ]
STATIC_GRIP = [ 2.100000, 2.175000 ]
STEERING = 1.050000
YAW_CONTROL = [ 0.100000, 0.450000, 0.750000, 1.000000 ]
YAW_SPEED = 0.425000

[transmission]
GEAR_RATIO = [ 2.625000, 0.000000, 2.563000, 1.850000, 1.423000, 1.138000, 0.939000, 0.810000 ]
DIFFERENTIAL = [ 0.800000, 0.800000, 0.800000 ]
GEAR_EFFICIENCY = [ 1.000000, 1.000000, 1.000000, 1.000000, 1.000000, 1.000000, 1.000000, 1.000000, 1.000000 ]
TORQUE_CONVERTER = 0.450000
TORQUE_SPLIT = 0.500000
CLUTCH_SLIP = 0.800000
OPTIMAL_SHIFT = 500.000000
SHIFT_SPEED = 0.250000
FINAL_GEAR = 3.820000

[engine]
TORQUE = [ 120.000000, 190.000000, 265.000000, 345.000000, 376.000000, 335.000000, 301.000000, 279.000000, 260.000000 ]
ENGINE_BRAKING = [ 0.700000, 0.800000, 0.900000 ]
FLYWHEEL_MASS = 8.000000
MAX_RPM = 9000.000000
RED_LINE = 8000.000000
IDLE = 800.000000

[pvehicle]
TENSOR_SCALE = [ 1.000000, 2.000000, 1.000000 ]