[brakes]
BRAKE_LOCK = [ 1.000000, 3.000000 ]
BRAKES = [ 300.000000, 425.000000 ]
EBRAKE = 475.000000

[chassis]
AERO_CG = 50.000000
AERO_COEFFICIENT = 0.165000
DRAG_COEFFICIENT = 0.290000
FRONT_WEIGHT_BIAS = 53.500000
RENDER_MOTION = 1.000000
RIDE_HEIGHT = [ 8.000000, 8.000000 ]
ROLL_CENTER = 10.000000
SHOCK_BLOWOUT = 5.000000
SHOCK_DIGRESSION = [ 0.800000, 0.800000 ]
SHOCK_EXT_STIFFNESS = [ 60.000000, 60.000000 ]
SHOCK_STIFFNESS = [ 30.000000, 30.000000 ]
SHOCK_VALVING = [ 20.000000, 20.000000 ]
SPRING_PROGRESSION = [ 5.500000, 5.000000 ]
SPRING_STIFFNESS = [ 400.000000, 400.000000 ]
SWAYBAR_STIFFNESS = [ 200.000000, 250.000000 ]
TRAVEL = [ 6.250000, 6.500000 ]

[tires]
DYNAMIC_GRIP = [ 1.400000, 1.420000 ]
GRIP_SCALE = [ 1.000000, 1.000000 ]
STATIC_GRIP = [ 1.600000, 1.650000 ]
STEERING = 1.025000
YAW_CONTROL = [ 0.100000, 0.200000, 0.400000, 0.500000 ]
YAW_SPEED = 0.450000

[transmission]
GEAR_RATIO = [ 2.500000, 0.000000, 3.570000, 2.060000, 1.380000, 1.000000, 0.760000 ]
DIFFERENTIAL = [ 0.600000, 0.600000, 0.000000 ]
GEAR_EFFICIENCY = [ 1.000000, 1.000000, 1.000000, 1.000000, 1.000000, 1.000000, 1.000000, 1.000000, 1.000000 ]
TORQUE_CONVERTER = 0.400000
TORQUE_SPLIT = 0.000000
CLUTCH_SLIP = 0.800000
OPTIMAL_SHIFT = 500.000000
SHIFT_SPEED = 0.100000
FINAL_GEAR = 3.700000

[engine]
TORQUE = [ 119.000000, 151.000000, 194.000000, 235.000000, 232.000000, 216.000000, 194.000000, 178.000000, 167.000000 ]
ENGINE_BRAKING = [ 0.700000, 0.800000, 0.900000 ]
FLYWHEEL_MASS = 12.000000
MAX_RPM = 7400.000000
RED_LINE = 6400.000000
IDLE = 800.000000

[pvehicle]
TENSOR_SCALE = [ 1.400000, 2.500000, 1.400000 ]