[brakes]
BRAKE_LOCK = [ 1.000000, 3.700000 ]
BRAKES = [ 525.000000, 650.000000 ]
EBRAKE = 700.000000

[chassis]
AERO_CG = 49.500000
AERO_COEFFICIENT = 0.250000
DRAG_COEFFICIENT = 0.420000
FRONT_WEIGHT_BIAS = 53.700001
RENDER_MOTION = 0.500000
RIDE_HEIGHT = [ 6.500000, 6.500000 ]
ROLL_CENTER = 8.500000
SHOCK_BLOWOUT = 6.000000
SHOCK_DIGRESSION = [ 0.450000, 0.450000 ]
SHOCK_EXT_STIFFNESS = [ 85.000000, 90.000000 ]
SHOCK_STIFFNESS = [ 70.000000, 70.000000 ]
SHOCK_VALVING = [ 24.000000, 24.000000 ]
SPRING_PROGRESSION = [ 7.000000, 7.000000 ]
SPRING_STIFFNESS = [ 575.000000, 575.000000 ]
SWAYBAR_STIFFNESS = [ 275.000000, 275.000000 ]
TRAVEL = [ 6.000000, 6.000000 ]

[tires]
DYNAMIC_GRIP = [ 1.800000, 1.800000 ]
GRIP_SCALE = [ 1.000000, 1.000000 ]
STATIC_GRIP = [ 2.100000, 2.150000 ]
STEERING = 1.050000
YAW_CONTROL = [ 0.100000, 0.400000, 1.000000, 1.200000 ]
YAW_SPEED = 0.725000

[transmission]
GEAR_RATIO = [ 3.300000, 0.000000, 3.700000, 2.270000, 1.650000, 1.190000, 1.000000, 0.840000 ]
DIFFERENTIAL = [ 0.750000, 0.750000, 0.000000 ]
GEAR_EFFICIENCY = [ 1.000000, 1.000000, 1.000000, 1.000000, 1.000000, 1.000000, 1.000000, 1.000000, 1.000000 ]
TORQUE_CONVERTER = 0.400000
TORQUE_SPLIT = 0.000000
CLUTCH_SLIP = 0.800000
OPTIMAL_SHIFT = 500.000000
SHIFT_SPEED = 0.250000
FINAL_GEAR = 3.500000

[engine]
TORQUE = [ 165.000000, 223.000000, 346.000000, 463.000000, 489.000000, 438.000000, 391.000000, 351.000000, 313.000000 ]
ENGINE_BRAKING = [ 0.800000, 0.800000, 0.900000 ]
FLYWHEEL_MASS = 10.000000
MAX_RPM = 10000.000000
RED_LINE = 9000.000000
IDLE = 800.000000

[induction]
LOW_BOOST = 0.200000
SPOOL_TIME_DOWN = 0.250000
VACUUM = -0.080000
SPOOL = 0.200000
SPOOL_TIME_UP = 2.500000
PSI = 15.000000
HIGH_BOOST = 0.200000

[pvehicle]
TENSOR_SCALE = [ 1.050000, 3.600000, 1.050000 ]