[brakes]
BRAKE_LOCK = [ 1.000000, 3.500000 ]
BRAKES = [ 345.000000, 500.000000 ]
EBRAKE = 550.000000

[chassis]
AERO_CG = 48.000000
AERO_COEFFICIENT = 0.180000
DRAG_COEFFICIENT = 0.290000
FRONT_WEIGHT_BIAS = 53.500000
RENDER_MOTION = 1.000000
RIDE_HEIGHT = [ 8.000000, 8.000000 ]
ROLL_CENTER = 10.000000
SHOCK_BLOWOUT = 8.000000
SHOCK_DIGRESSION = [ 0.100000, 0.100000 ]
SHOCK_EXT_STIFFNESS = [ 50.000000, 50.000000 ]
SHOCK_STIFFNESS = [ 40.000000, 40.000000 ]
SHOCK_VALVING = [ 24.000000, 24.000000 ]
SPRING_PROGRESSION = [ 6.500000, 6.500000 ]
SPRING_STIFFNESS = [ 425.000000, 400.000000 ]
SWAYBAR_STIFFNESS = [ 200.000000, 200.000000 ]
TRAVEL = [ 7.000000, 7.000000 ]

[tires]
DYNAMIC_GRIP = [ 1.550000, 1.650000 ]
GRIP_SCALE = [ 1.000000, 1.000000 ]
STATIC_GRIP = [ 1.750000, 1.850000 ]
STEERING = 1.050000
YAW_CONTROL = [ 0.100000, 0.300000, 0.600000, 0.800000 ]
YAW_SPEED = 0.500000

[transmission]
GEAR_RATIO = [ 2.800000, 0.000000, 4.100000, 2.860000, 1.920000, 1.450000, 1.120000, 0.960000, 0.800000 ]
DIFFERENTIAL = [ 0.820000, 0.820000, 0.000000 ]
GEAR_EFFICIENCY = [ 1.000000, 1.000000, 1.000000, 1.000000, 1.000000, 1.000000, 1.000000, 1.000000, 1.000000 ]
TORQUE_CONVERTER = 0.300000
TORQUE_SPLIT = 0.000000
CLUTCH_SLIP = 0.800000
OPTIMAL_SHIFT = 500.000000
SHIFT_SPEED = 0.250000
FINAL_GEAR = 3.100000

[engine]
TORQUE = [ 110.000000, 170.000000, 300.000000, 340.000000, 325.000000, 275.000000, 240.000000, 220.000000, 205.000000 ]
ENGINE_BRAKING = [ 0.700000, 0.800000, 0.900000 ]
FLYWHEEL_MASS = 12.000000
MAX_RPM = 7700.000000
RED_LINE = 6700.000000
IDLE = 800.000000

[pvehicle]
TENSOR_SCALE = [ 1.000000, 2.000000, 1.000000 ]