[pvehicle]
TENSOR_SCALE = [ 1.000000, 2.000000, 1.000000, 0.000000 ]

[brakes]
BRAKE_LOCK = [ 1.000000, 3.300000 ]
BRAKES = [ 475.000000, 575.000000 ]
EBRAKE = 850.000000

[chassis]
AERO_CG = 48.500000
AERO_COEFFICIENT = 0.270000
DIVE_SPEED = 1.000000
DRAG_COEFFICIENT = 0.310000
FRONT_WEIGHT_BIAS = 54.000000
RENDER_MOTION = 1.000000
RIDE_HEIGHT = [ 8.000000, 8.000000 ]
ROLL_CENTER = 8.500000
ROLL_SPEED = 1.000000
SHOCK_BLOWOUT = 6.000000
SHOCK_DIGRESSION = [ 0.400000, 0.400000 ]
SHOCK_EXT_STIFFNESS = [ 80.000000, 80.000000 ]
SHOCK_STIFFNESS = [ 65.000000, 67.000000 ]
SHOCK_VALVING = [ 19.000000, 19.000000 ]
SPRING_PROGRESSION = [ 7.000000, 6.600000 ]
SPRING_STIFFNESS = [ 725.000000, 675.000000 ]
SQUAT_SPEED = 1.000000
SWAYBAR_STIFFNESS = [ 325.000000, 200.000000 ]
TRAVEL = [ 7.000000, 7.000000 ]

[engine]
ENGINE_BRAKING = [ 0.700000, 0.800000, 0.900000 ]
FLYWHEEL_MASS = 8.000000
IDLE = 800.000000
MAX_RPM = 9000.000000
RED_LINE = 8000.000000
TORQUE = [ 135.000000, 155.000000, 189.000000, 243.000000, 292.000000, 281.000000, 257.000000, 230.000000, 203.000000 ]

[tires]
DYNAMIC_GRIP = [ 2.000000, 2.050000 ]
GRIP_SCALE = [ 1.185000, 1.200000 ]
STATIC_GRIP = [ 2.250000, 2.250000 ]
STEERING = 1.220000
YAW_CONTROL = [ 0.450000, 1.000000, 1.100000, 1.350000 ]
YAW_SPEED = 0.325000

[transmission]
CLUTCH_SLIP = 0.850000
DIFFERENTIAL = [ 0.850000, 0.850000, 0.850000 ]
FINAL_GEAR = 4.200000
GEAR_EFFICIENCY = [ 1.000000, 1.000000, 1.000000, 1.000000, 1.000000, 1.000000, 1.000000, 1.000000, 1.000000 ]
GEAR_RATIO = [ 2.625000, 0.000000, 3.750000, 2.360000, 1.685000, 1.312000, 1.070000, 0.850000, 0.000000 ]
OPTIMAL_SHIFT = 500.000000
SHIFT_SPEED = 0.250000
TORQUE_CONVERTER = 0.450000
TORQUE_SPLIT = 0.500000