[brakes]
BRAKE_LOCK = [ 1.000000, 3.300000 ]
BRAKES = [ 500.000000, 650.000000 ]
EBRAKE = 1000.000000

[chassis]
AERO_CG = 47.000000
AERO_COEFFICIENT = 0.260000
DRAG_COEFFICIENT = 0.390000
FRONT_WEIGHT_BIAS = 53.000000
RENDER_MOTION = 0.500000
RIDE_HEIGHT = [ 6.850000, 6.850000 ]
ROLL_CENTER = 9.000000
SHOCK_BLOWOUT = 6.000000
SHOCK_DIGRESSION = [ 0.200000, 0.200000 ]
SHOCK_EXT_STIFFNESS = [ 80.000000, 80.000000 ]
SHOCK_STIFFNESS = [ 70.000000, 60.000000 ]
SHOCK_VALVING = [ 20.000000, 20.000000 ]
SPRING_PROGRESSION = [ 8.000000, 7.000000 ]
SPRING_STIFFNESS = [ 600.000000, 600.000000 ]
SWAYBAR_STIFFNESS = [ 200.000000, 200.000000 ]
TRAVEL = [ 6.000000, 6.000000 ]

[tires]
DYNAMIC_GRIP = [ 1.900000, 1.900000 ]
GRIP_SCALE = [ 1.000000, 1.000000 ]
STATIC_GRIP = [ 2.100000, 2.100000 ]
STEERING = 1.000000
YAW_CONTROL = [ 0.100000, 0.400000, 0.700000, 1.000000 ]
YAW_SPEED = 0.400000

[transmission]
GEAR_RATIO = [ 2.750000, 0.000000, 3.570000, 2.040000, 1.340000, 1.000000, 0.820000, 0.680000 ]
DIFFERENTIAL = [ 0.800000, 0.800000, 0.000000 ]
GEAR_EFFICIENCY = [ 1.000000, 1.000000, 1.000000, 1.000000, 1.000000, 1.000000, 1.000000, 1.000000, 1.000000 ]
TORQUE_CONVERTER = 0.200000
TORQUE_SPLIT = 0.000000
CLUTCH_SLIP = 0.800000
OPTIMAL_SHIFT = 500.000000
SHIFT_SPEED = 0.250000
FINAL_GEAR = 3.200000

[engine]
TORQUE = [ 152.000000, 339.000000, 557.000000, 609.000000, 575.000000, 539.000000, 495.000000, 451.000000, 407.000000 ]
ENGINE_BRAKING = [ 0.700000, 0.800000, 0.900000 ]
FLYWHEEL_MASS = 14.000000
MAX_RPM = 7700.000000
RED_LINE = 6700.000000
IDLE = 800.000000

[induction]
LOW_BOOST = 0.250000
SPOOL_TIME_DOWN = 0.250000
VACUUM = 0.000000
SPOOL = 0.000000
SPOOL_TIME_UP = 2.000000
PSI = 12.000000
HIGH_BOOST = 0.200000

[pvehicle]
TENSOR_SCALE = [ 1.000000, 2.500000, 1.000000 ]