[brakes]
BRAKE_LOCK = [ 1.000000, 3.250000 ]
BRAKES = [ 359.000000, 475.000000 ]
EBRAKE = 550.000000

[chassis]
AERO_CG = 48.500000
AERO_COEFFICIENT = 0.185000
DRAG_COEFFICIENT = 0.270000
FRONT_WEIGHT_BIAS = 52.000000
RENDER_MOTION = 1.000000
RIDE_HEIGHT = [ 9.000000, 9.000000 ]
ROLL_CENTER = 9.500000
SHOCK_BLOWOUT = 5.000000
SHOCK_DIGRESSION = [ 0.350000, 0.350000 ]
SHOCK_EXT_STIFFNESS = [ 55.000000, 60.000000 ]
SHOCK_STIFFNESS = [ 40.000000, 40.000000 ]
SHOCK_VALVING = [ 19.000000, 19.000000 ]
SPRING_PROGRESSION = [ 6.000000, 6.000000 ]
SPRING_STIFFNESS = [ 300.000000, 300.000000 ]
SWAYBAR_STIFFNESS = [ 175.000000, 175.000000 ]
TRAVEL = [ 7.000000, 7.000000 ]

[tires]
DYNAMIC_GRIP = [ 1.600000, 1.650000 ]
GRIP_SCALE = [ 1.000000, 1.000000 ]
STATIC_GRIP = [ 1.800000, 1.850000 ]
STEERING = 1.120000
YAW_CONTROL = [ 0.000000, 0.200000, 0.400000, 0.700000 ]
YAW_SPEED = 0.400000

[transmission]
GEAR_RATIO = [ 2.800000, 0.000000, 2.970000, 2.070000, 1.430000, 1.100000, 0.900000, 0.710000 ]
DIFFERENTIAL = [ 0.800000, 0.800000, 0.000000 ]
GEAR_EFFICIENCY = [ 1.000000, 1.000000, 1.000000, 1.000000, 1.000000, 1.000000, 1.000000, 1.000000, 1.000000 ]
TORQUE_CONVERTER = 0.700000
TORQUE_SPLIT = 0.000000
CLUTCH_SLIP = 0.850000
OPTIMAL_SHIFT = 500.000000
SHIFT_SPEED = 0.100000
FINAL_GEAR = 3.460000

[engine]
TORQUE = [ 143.000000, 176.000000, 231.000000, 297.000000, 356.000000, 325.000000, 284.000000, 260.000000, 243.000000 ]
ENGINE_BRAKING = [ 0.700000, 0.800000, 0.900000 ]
FLYWHEEL_MASS = 14.000000
MAX_RPM = 7200.000000
RED_LINE = 6200.000000
IDLE = 800.000000

[pvehicle]
TENSOR_SCALE = [ 1.000000, 2.000000, 1.000000 ]