[brakes]
BRAKE_LOCK = [ 1.000000, 3.600000 ]
BRAKES = [ 300.000000, 500.000000 ]
EBRAKE = 800.000000

[chassis]
AERO_CG = 47.000000
AERO_COEFFICIENT = 0.255000
DRAG_COEFFICIENT = 0.340000
FRONT_WEIGHT_BIAS = 54.000000
RENDER_MOTION = 1.000000
RIDE_HEIGHT = [ 8.500000, 8.500000 ]
ROLL_CENTER = 9.000000
SHOCK_BLOWOUT = 8.000000
SHOCK_DIGRESSION = [ 0.300000, 0.300000 ]
SHOCK_EXT_STIFFNESS = [ 80.000000, 80.000000 ]
SHOCK_STIFFNESS = [ 65.000000, 60.000000 ]
SHOCK_VALVING = [ 24.000000, 24.000000 ]
SPRING_PROGRESSION = [ 9.000000, 9.000000 ]
SPRING_STIFFNESS = [ 430.000000, 420.000000 ]
SWAYBAR_STIFFNESS = [ 300.000000, 320.000000 ]
TRAVEL = [ 6.500000, 6.500000 ]

[tires]
DYNAMIC_GRIP = [ 1.850000, 1.850000 ]
GRIP_SCALE = [ 1.000000, 1.000000 ]
STATIC_GRIP = [ 2.075000, 2.100000 ]
STEERING = 1.000000
YAW_CONTROL = [ 0.100000, 0.500000, 0.800000, 1.000000 ]
YAW_SPEED = 0.400000

[transmission]
GEAR_RATIO = [ 2.600000, 0.000000, 3.820000, 2.050000, 1.410000, 1.120000, 0.920000, 0.750000 ]
DIFFERENTIAL = [ 0.700000, 0.700000, 0.000000 ]
GEAR_EFFICIENCY = [ 1.000000, 1.000000, 1.000000, 1.000000, 1.000000, 1.000000, 1.000000, 1.000000, 1.000000 ]
TORQUE_CONVERTER = 0.300000
TORQUE_SPLIT = 0.000000
CLUTCH_SLIP = 0.700000
OPTIMAL_SHIFT = 500.000000
SHIFT_SPEED = 0.250000
FINAL_GEAR = 3.440000

[engine]
TORQUE = [ 150.000000, 235.000000, 350.000000, 435.000000, 410.000000, 353.000000, 319.000000, 297.000000, 292.000000 ]
ENGINE_BRAKING = [ 0.700000, 0.800000, 0.900000 ]
FLYWHEEL_MASS = 10.000000
MAX_RPM = 7750.000000
RED_LINE = 6750.000000
IDLE = 950.000000

[induction]
LOW_BOOST = 0.100000
SPOOL_TIME_DOWN = 0.250000
VACUUM = -0.100000
SPOOL = 0.100000
SPOOL_TIME_UP = 1.500000
PSI = 15.000000
HIGH_BOOST = 0.050000

[pvehicle]
TENSOR_SCALE = [ 1.000000, 2.000000, 1.000000 ]