[brakes]
BRAKE_LOCK = [ 1.000000, 3.600000 ]
BRAKES = [ 450.000000, 675.000000 ]
EBRAKE = 900.000000

[chassis]
AERO_CG = 46.250000
AERO_COEFFICIENT = 0.265000
DRAG_COEFFICIENT = 0.360000
FRONT_WEIGHT_BIAS = 53.500000
RENDER_MOTION = 0.500000
RIDE_HEIGHT = [ 8.500000, 8.500000 ]
ROLL_CENTER = 9.000000
SHOCK_BLOWOUT = 6.000000
SHOCK_DIGRESSION = [ 0.100000, 0.100000 ]
SHOCK_EXT_STIFFNESS = [ 75.000000, 75.000000 ]
SHOCK_STIFFNESS = [ 65.000000, 60.000000 ]
SHOCK_VALVING = [ 20.000000, 20.000000 ]
SPRING_PROGRESSION = [ 7.000000, 7.000000 ]
SPRING_STIFFNESS = [ 700.000000, 600.000000 ]
SWAYBAR_STIFFNESS = [ 300.000000, 275.000000 ]
TRAVEL = [ 6.250000, 6.250000 ]

[tires]
DYNAMIC_GRIP = [ 1.900000, 2.100000 ]
GRIP_SCALE = [ 1.125000, 1.200000 ]
STATIC_GRIP = [ 2.100000, 2.300000 ]
STEERING = 1.000000
YAW_CONTROL = [ 0.200000, 0.650000, 0.800000, 1.200000 ]
YAW_SPEED = 0.700000

[transmission]
GEAR_RATIO = [ 3.000000, 0.000000, 3.820000, 2.050000, 1.410000, 1.120000, 0.920000, 0.740000 ]
DIFFERENTIAL = [ 0.800000, 0.800000, 0.800000 ]
GEAR_EFFICIENCY = [ 1.000000, 1.000000, 1.000000, 1.000000, 1.000000, 1.000000, 1.000000, 1.000000, 1.000000 ]
TORQUE_CONVERTER = 0.500000
TORQUE_SPLIT = 0.500000
CLUTCH_SLIP = 0.850000
OPTIMAL_SHIFT = 500.000000
SHIFT_SPEED = 0.250000
FINAL_GEAR = 3.500000

[engine]
TORQUE = [ 212.000000, 290.000000, 424.000000, 545.000000, 520.000000, 454.000000, 397.000000, 360.000000, 333.000000 ]
ENGINE_BRAKING = [ 0.700000, 0.800000, 0.900000 ]
FLYWHEEL_MASS = 10.000000
MAX_RPM = 9400.000000
RED_LINE = 8400.000000
IDLE = 950.000000

[induction]
LOW_BOOST = 0.300000
SPOOL_TIME_DOWN = 0.250000
VACUUM = -0.050000
SPOOL = 0.200000
SPOOL_TIME_UP = 2.000000
PSI = 13.000000
HIGH_BOOST = 0.200000

[pvehicle]
TENSOR_SCALE = [ 1.000000, 3.100000, 1.000000 ]