[brakes]
BRAKE_LOCK = [ 1.000000, 3.300000 ]
BRAKES = [ 351.000000, 550.000000 ]
EBRAKE = 600.000000

[chassis]
AERO_CG = 48.000000
AERO_COEFFICIENT = 0.185000
DRAG_COEFFICIENT = 0.270000
FRONT_WEIGHT_BIAS = 53.700001
RENDER_MOTION = 1.000000
RIDE_HEIGHT = [ 8.500000, 8.500000 ]
ROLL_CENTER = 10.000000
SHOCK_BLOWOUT = 6.000000
SHOCK_DIGRESSION = [ 0.100000, 0.100000 ]
SHOCK_EXT_STIFFNESS = [ 55.000000, 55.000000 ]
SHOCK_STIFFNESS = [ 45.000000, 46.000000 ]
SHOCK_VALVING = [ 20.000000, 20.000000 ]
SPRING_PROGRESSION = [ 7.000000, 7.600000 ]
SPRING_STIFFNESS = [ 450.000000, 440.000000 ]
SWAYBAR_STIFFNESS = [ 300.000000, 275.000000 ]
TRAVEL = [ 6.500000, 6.500000 ]

[tires]
DYNAMIC_GRIP = [ 1.500000, 1.500000 ]
GRIP_SCALE = [ 1.000000, 1.000000 ]
STATIC_GRIP = [ 1.750000, 1.750000 ]
STEERING = 1.000000
YAW_CONTROL = [ 0.100000, 0.400000, 0.700000, 0.850000 ]
YAW_SPEED = 0.425000

[transmission]
GEAR_RATIO = [ 2.900000, 0.000000, 3.310000, 1.950000, 1.410000, 1.130000, 0.970000, 0.820000 ]
DIFFERENTIAL = [ 0.750000, 0.750000, 0.000000 ]
GEAR_EFFICIENCY = [ 1.000000, 1.000000, 1.000000, 1.000000, 1.000000, 1.000000, 1.000000, 1.000000, 1.000000 ]
TORQUE_CONVERTER = 0.600000
TORQUE_SPLIT = 0.000000
CLUTCH_SLIP = 0.700000
OPTIMAL_SHIFT = 500.000000
SHIFT_SPEED = 0.250000
FINAL_GEAR = 3.550000

[engine]
TORQUE = [ 138.000000, 176.000000, 231.000000, 281.000000, 264.000000, 244.000000, 231.000000, 220.000000, 209.000000 ]
ENGINE_BRAKING = [ 0.700000, 0.800000, 0.900000 ]
FLYWHEEL_MASS = 14.000000
MAX_RPM = 8300.000000
RED_LINE = 7300.000000
IDLE = 950.000000

[pvehicle]
TENSOR_SCALE = [ 1.000000, 2.000000, 1.000000 ]