[brakes]
BRAKE_LOCK = [ 1.000000, 3.500000 ]
BRAKES = [ 500.000000, 650.000000 ]
EBRAKE = 850.000000

[chassis]
AERO_CG = 49.000000
AERO_COEFFICIENT = 0.260000
DRAG_COEFFICIENT = 0.420000
FRONT_WEIGHT_BIAS = 53.000000
RENDER_MOTION = 0.500000
RIDE_HEIGHT = [ 7.000000, 7.000000 ]
ROLL_CENTER = 8.600000
SHOCK_BLOWOUT = 8.000000
SHOCK_DIGRESSION = [ 0.110000, 0.110000 ]
SHOCK_EXT_STIFFNESS = [ 65.000000, 65.000000 ]
SHOCK_STIFFNESS = [ 60.000000, 60.000000 ]
SHOCK_VALVING = [ 24.000000, 24.000000 ]
SPRING_PROGRESSION = [ 7.500000, 7.000000 ]
SPRING_STIFFNESS = [ 775.000000, 800.000000 ]
SWAYBAR_STIFFNESS = [ 250.000000, 250.000000 ]
TRAVEL = [ 6.000000, 6.000000 ]

[tires]
DYNAMIC_GRIP = [ 2.000000, 2.000000 ]
GRIP_SCALE = [ 1.175000, 1.200000 ]
STATIC_GRIP = [ 2.200000, 2.250000 ]
STEERING = 0.975000
YAW_CONTROL = [ 0.000000, 0.600000, 0.900000, 1.000000 ]
YAW_SPEED = 0.300000

[transmission]
GEAR_RATIO = [ 2.190000, 0.000000, 3.000000, 1.870000, 1.360000, 1.070000, 0.900000, 0.780000 ]
DIFFERENTIAL = [ 0.700000, 0.700000, 0.000000 ]
GEAR_EFFICIENCY = [ 1.000000, 1.000000, 1.000000, 1.000000, 1.000000, 1.000000, 1.000000, 1.000000, 1.000000 ]
TORQUE_CONVERTER = 0.500000
TORQUE_SPLIT = 0.000000
CLUTCH_SLIP = 0.800000
OPTIMAL_SHIFT = 500.000000
SHIFT_SPEED = 0.250000
FINAL_GEAR = 3.710000

[engine]
TORQUE = [ 165.000000, 249.000000, 369.000000, 483.000000, 553.000000, 503.000000, 464.000000, 435.000000, 419.000000 ]
ENGINE_BRAKING = [ 0.700000, 0.800000, 0.900000 ]
FLYWHEEL_MASS = 8.500000
MAX_RPM = 9400.000000
RED_LINE = 8400.000000
IDLE = 800.000000

[induction]
LOW_BOOST = 0.200000
SPOOL_TIME_DOWN = 0.250000
VACUUM = -0.050000
SPOOL = 0.200000
SPOOL_TIME_UP = 1.500000
PSI = 15.000000
HIGH_BOOST = 0.100000

[pvehicle]
TENSOR_SCALE = [ 1.100000, 2.000000, 1.100000 ]