[brakes]
BRAKE_LOCK = [ 1.000000, 3.500000 ]
BRAKES = [ 615.000000, 740.000000 ]
EBRAKE = 700.000000

[chassis]
AERO_CG = 49.000000
AERO_COEFFICIENT = 0.270000
DRAG_COEFFICIENT = 0.420000
FRONT_WEIGHT_BIAS = 54.000000
RENDER_MOTION = 0.500000
RIDE_HEIGHT = [ 5.500000, 5.500000 ]
ROLL_CENTER = 8.700000
SHOCK_BLOWOUT = 6.000000
SHOCK_DIGRESSION = [ 0.300000, 0.300000 ]
SHOCK_EXT_STIFFNESS = [ 90.000000, 90.000000 ]
SHOCK_STIFFNESS = [ 70.000000, 70.000000 ]
SHOCK_VALVING = [ 24.000000, 24.000000 ]
SPRING_PROGRESSION = [ 7.500000, 8.000000 ]
SPRING_STIFFNESS = [ 700.000000, 700.000000 ]
SWAYBAR_STIFFNESS = [ 500.000000, 500.000000 ]
TRAVEL = [ 6.100000, 6.100000 ]

[tires]
DYNAMIC_GRIP = [ 2.000000, 2.000000 ]
GRIP_SCALE = [ 1.100000, 1.120000 ]
STATIC_GRIP = [ 2.250000, 2.250000 ]
STEERING = 1.000000
YAW_CONTROL = [ 0.100000, 0.500000, 1.000000, 1.200000 ]
YAW_SPEED = 0.375000

[transmission]
GEAR_RATIO = [ 2.800000, 0.000000, 2.940000, 2.056000, 1.520000, 1.179000, 0.970000, 0.820000 ]
DIFFERENTIAL = [ 0.600000, 0.600000, 0.500000 ]
GEAR_EFFICIENCY = [ 1.000000, 1.000000, 1.000000, 1.000000, 1.000000, 1.000000, 1.000000, 1.000000, 1.000000 ]
TORQUE_CONVERTER = 0.300000
TORQUE_SPLIT = 0.500000
CLUTCH_SLIP = 0.900000
OPTIMAL_SHIFT = 500.000000
SHIFT_SPEED = 0.250000
FINAL_GEAR = 3.050000

[engine]
TORQUE = [ 193.000000, 275.000000, 385.000000, 495.000000, 570.000000, 550.000000, 471.000000, 416.000000, 381.000000 ]
ENGINE_BRAKING = [ 0.800000, 0.800000, 0.900000 ]
FLYWHEEL_MASS = 11.000000
MAX_RPM = 9000.000000
RED_LINE = 8000.000000
IDLE = 800.000000

[induction]
LOW_BOOST = 0.250000
SPOOL_TIME_DOWN = 0.250000
VACUUM = -0.050000
SPOOL = 0.200000
SPOOL_TIME_UP = 1.750000
PSI = 15.000000
HIGH_BOOST = 0.300000

[pvehicle]
TENSOR_SCALE = [ 1.000000, 2.000000, 1.000000 ]