[brakes]
BRAKE_LOCK = [ 1.000000, 3.300000 ]
BRAKES = [ 450.000000, 650.000000 ]
EBRAKE = 725.000000

[chassis]
AERO_CG = 48.500000
AERO_COEFFICIENT = 0.260000
DRAG_COEFFICIENT = 0.370000
FRONT_WEIGHT_BIAS = 53.599998
RENDER_MOTION = 0.500000
RIDE_HEIGHT = [ 8.500000, 8.500000 ]
ROLL_CENTER = 8.900000
SHOCK_BLOWOUT = 6.000000
SHOCK_DIGRESSION = [ 0.300000, 0.300000 ]
SHOCK_EXT_STIFFNESS = [ 80.000000, 85.000000 ]
SHOCK_STIFFNESS = [ 60.000000, 60.000000 ]
SHOCK_VALVING = [ 20.000000, 20.000000 ]
SPRING_PROGRESSION = [ 8.000000, 8.000000 ]
SPRING_STIFFNESS = [ 600.000000, 600.000000 ]
SWAYBAR_STIFFNESS = [ 250.000000, 225.000000 ]
TRAVEL = [ 6.000000, 6.000000 ]

[tires]
DYNAMIC_GRIP = [ 1.900000, 1.900000 ]
GRIP_SCALE = [ 1.100000, 1.100000 ]
STATIC_GRIP = [ 2.150000, 2.150000 ]
STEERING = 1.050000
YAW_CONTROL = [ 0.100000, 0.600000, 0.850000, 1.150000 ]
YAW_SPEED = 0.650000

[transmission]
GEAR_RATIO = [ 3.590000, 0.000000, 3.910000, 2.320000, 1.610000, 1.280000, 1.080000, 0.880000 ]
DIFFERENTIAL = [ 0.800000, 0.800000, 0.000000 ]
GEAR_EFFICIENCY = [ 1.000000, 1.000000, 0.900000, 1.000000, 1.000000, 1.000000, 1.000000, 1.000000, 1.000000 ]
TORQUE_CONVERTER = 0.500000
TORQUE_SPLIT = 0.000000
CLUTCH_SLIP = 0.800000
OPTIMAL_SHIFT = 500.000000
SHIFT_SPEED = 0.250000
FINAL_GEAR = 2.700000

[engine]
TORQUE = [ 164.000000, 265.000000, 410.000000, 540.000000, 531.000000, 483.000000, 425.000000, 376.000000, 338.000000 ]
ENGINE_BRAKING = [ 0.700000, 0.800000, 0.900000 ]
FLYWHEEL_MASS = 14.000000
MAX_RPM = 8300.000000
RED_LINE = 7300.000000
IDLE = 800.000000

[induction]
LOW_BOOST = 0.200000
SPOOL_TIME_DOWN = 0.250000
VACUUM = -0.050000
SPOOL = 0.200000
SPOOL_TIME_UP = 2.000000
PSI = 12.000000
HIGH_BOOST = 0.200000

[pvehicle]
TENSOR_SCALE = [ 1.000000, 3.500000, 1.000000 ]