[brakes]
BRAKE_LOCK = [ 1.000000, 3.500000 ]
BRAKES = [ 370.000000, 475.000000 ]
EBRAKE = 450.000000

[chassis]
AERO_CG = 49.200001
AERO_COEFFICIENT = 0.160000
DRAG_COEFFICIENT = 0.320000
FRONT_WEIGHT_BIAS = 53.000000
RENDER_MOTION = 1.000000
RIDE_HEIGHT = [ 9.500000, 9.500000 ]
ROLL_CENTER = 11.000000
SHOCK_BLOWOUT = 8.000000
SHOCK_DIGRESSION = [ 0.100000, 0.100000 ]
SHOCK_EXT_STIFFNESS = [ 50.000000, 50.000000 ]
SHOCK_STIFFNESS = [ 45.000000, 45.000000 ]
SHOCK_VALVING = [ 17.500000, 17.500000 ]
SPRING_PROGRESSION = [ 5.500000, 5.800000 ]
SPRING_STIFFNESS = [ 350.000000, 350.000000 ]
SWAYBAR_STIFFNESS = [ 220.000000, 230.000000 ]
TRAVEL = [ 8.000000, 8.000000 ]

[tires]
DYNAMIC_GRIP = [ 1.400000, 1.500000 ]
GRIP_SCALE = [ 1.000000, 1.000000 ]
STATIC_GRIP = [ 1.600000, 1.700000 ]
STEERING = 1.075000
YAW_CONTROL = [ 0.100000, 0.300000, 0.450000, 0.600000 ]
YAW_SPEED = 0.600000

[transmission]
GEAR_RATIO = [ 2.500000, 0.000000, 3.357000, 2.087000, 1.469000, 1.088000, 0.800000, 0.635000 ]
DIFFERENTIAL = [ 0.750000, 0.750000, 0.750000 ]
GEAR_EFFICIENCY = [ 1.000000, 1.000000, 1.000000, 1.000000, 1.000000, 1.000000, 1.000000, 1.000000, 1.000000 ]
TORQUE_CONVERTER = 0.700000
TORQUE_SPLIT = 0.500000
CLUTCH_SLIP = 0.800000
OPTIMAL_SHIFT = 500.000000
SHIFT_SPEED = 0.250000
FINAL_GEAR = 4.235000

[engine]
TORQUE = [ 116.000000, 168.000000, 248.000000, 236.000000, 210.000000, 200.000000, 194.000000, 189.000000, 184.000000 ]
ENGINE_BRAKING = [ 0.700000, 0.800000, 0.900000 ]
FLYWHEEL_MASS = 10.000000
MAX_RPM = 7500.000000
RED_LINE = 6500.000000
IDLE = 800.000000

[pvehicle]
TENSOR_SCALE = [ 1.000000, 3.200000, 1.000000 ]