[brakes]
BRAKE_LOCK = [ 1.000000, 3.500000 ]
BRAKES = [ 425.000000, 550.000000 ]
EBRAKE = 600.000000

[chassis]
AERO_CG = 49.000000
AERO_COEFFICIENT = 0.275000
DRAG_COEFFICIENT = 0.400000
FRONT_WEIGHT_BIAS = 53.700001
RENDER_MOTION = 0.500000
RIDE_HEIGHT = [ 9.500000, 9.500000 ]
ROLL_CENTER = 10.000000
SHOCK_BLOWOUT = 8.000000
SHOCK_DIGRESSION = [ 0.200000, 0.200000 ]
SHOCK_EXT_STIFFNESS = [ 80.000000, 80.000000 ]
SHOCK_STIFFNESS = [ 65.000000, 65.000000 ]
SHOCK_VALVING = [ 18.500000, 18.500000 ]
SPRING_PROGRESSION = [ 7.000000, 6.500000 ]
SPRING_STIFFNESS = [ 800.000000, 800.000000 ]
SWAYBAR_STIFFNESS = [ 275.000000, 220.000000 ]
TRAVEL = [ 7.000000, 7.000000 ]

[tires]
DYNAMIC_GRIP = [ 1.750000, 1.850000 ]
GRIP_SCALE = [ 1.000000, 1.000000 ]
STATIC_GRIP = [ 2.000000, 2.050000 ]
STEERING = 1.000000
YAW_CONTROL = [ 0.100000, 0.650000, 0.850000, 1.200000 ]
YAW_SPEED = 0.610000

[transmission]
GEAR_RATIO = [ 2.600000, 0.000000, 3.357000, 2.087000, 1.469000, 1.088000, 0.800000, 0.610000 ]
DIFFERENTIAL = [ 0.700000, 0.700000, 0.700000 ]
GEAR_EFFICIENCY = [ 1.000000, 1.000000, 1.000000, 1.000000, 1.000000, 1.000000, 1.000000, 1.000000, 1.000000 ]
TORQUE_CONVERTER = 0.550000
TORQUE_SPLIT = 0.500000
CLUTCH_SLIP = 0.800000
OPTIMAL_SHIFT = 500.000000
SHIFT_SPEED = 0.250000
FINAL_GEAR = 3.400000

[engine]
TORQUE = [ 190.000000, 297.000000, 440.000000, 529.000000, 512.000000, 468.000000, 429.000000, 396.000000, 380.000000 ]
ENGINE_BRAKING = [ 0.700000, 0.800000, 0.900000 ]
FLYWHEEL_MASS = 10.000000
MAX_RPM = 7500.000000
RED_LINE = 6500.000000
IDLE = 800.000000

[induction]
LOW_BOOST = 0.250000
SPOOL_TIME_DOWN = 0.250000
VACUUM = -0.050000
SPOOL = 0.100000
SPOOL_TIME_UP = 2.000000
PSI = 12.000000
HIGH_BOOST = 0.300000

[pvehicle]
TENSOR_SCALE = [ 1.000000, 3.200000, 1.000000 ]