[brakes]
BRAKE_LOCK = [ 1.000000, 3.500000 ]
BRAKES = [ 450.000000, 570.000000 ]
EBRAKE = 900.000000

[chassis]
AERO_CG = 46.500000
AERO_COEFFICIENT = 0.270000
DRAG_COEFFICIENT = 0.350000
FRONT_WEIGHT_BIAS = 52.200001
RENDER_MOTION = 0.500000
RIDE_HEIGHT = [ 8.000000, 8.000000 ]
ROLL_CENTER = 9.150000
SHOCK_BLOWOUT = 6.000000
SHOCK_DIGRESSION = [ 0.100000, 0.100000 ]
SHOCK_EXT_STIFFNESS = [ 90.000000, 90.000000 ]
SHOCK_STIFFNESS = [ 70.000000, 70.000000 ]
SHOCK_VALVING = [ 24.000000, 24.000000 ]
SPRING_PROGRESSION = [ 7.000000, 7.000000 ]
SPRING_STIFFNESS = [ 750.000000, 700.000000 ]
SWAYBAR_STIFFNESS = [ 350.000000, 350.000000 ]
TRAVEL = [ 6.000000, 6.000000 ]

[tires]
DYNAMIC_GRIP = [ 1.925000, 2.000000 ]
GRIP_SCALE = [ 1.000000, 1.050000 ]
STATIC_GRIP = [ 2.100000, 2.200000 ]
STEERING = 1.000000
YAW_CONTROL = [ 0.100000, 0.600000, 1.000000, 1.200000 ]
YAW_SPEED = 0.500000

[transmission]
GEAR_RATIO = [ 2.800000, 0.000000, 3.670000, 2.050000, 1.462000, 1.133000, 0.919000, 0.720000 ]
DIFFERENTIAL = [ 0.750000, 0.750000, 0.750000 ]
GEAR_EFFICIENCY = [ 1.000000, 1.000000, 1.000000, 1.000000, 1.000000, 1.000000, 1.000000, 1.000000, 1.000000 ]
TORQUE_CONVERTER = 0.450000
TORQUE_SPLIT = 0.500000
CLUTCH_SLIP = 0.800000
OPTIMAL_SHIFT = 500.000000
SHIFT_SPEED = 0.250000
FINAL_GEAR = 3.200000

[engine]
TORQUE = [ 204.000000, 282.000000, 423.000000, 502.000000, 487.000000, 441.000000, 399.000000, 368.000000, 347.000000 ]
ENGINE_BRAKING = [ 0.700000, 0.800000, 0.900000 ]
FLYWHEEL_MASS = 15.000000
MAX_RPM = 8400.000000
RED_LINE = 7400.000000
IDLE = 800.000000

[induction]
LOW_BOOST = 0.200000
SPOOL_TIME_DOWN = 0.250000
VACUUM = -0.050000
SPOOL = 0.200000
SPOOL_TIME_UP = 1.700000
PSI = 12.000000
HIGH_BOOST = 0.275000

[pvehicle]
TENSOR_SCALE = [ 1.000000, 3.560000, 1.000000 ]