[brakes]
BRAKE_LOCK = [ 1.000000, 3.000000 ]
BRAKES = [ 475.000000, 600.000000 ]
EBRAKE = 925.000000

[chassis]
AERO_CG = 47.750000
AERO_COEFFICIENT = 0.300000
DRAG_COEFFICIENT = 0.320000
FRONT_WEIGHT_BIAS = 54.000000
RENDER_MOTION = 1.000000
RIDE_HEIGHT = [ 6.000000, 6.000000 ]
ROLL_CENTER = 9.000000
SHOCK_BLOWOUT = 5.000000
SHOCK_DIGRESSION = [ 0.200000, 0.200000 ]
SHOCK_EXT_STIFFNESS = [ 75.000000, 77.000000 ]
SHOCK_STIFFNESS = [ 60.000000, 50.000000 ]
SHOCK_VALVING = [ 20.000000, 20.000000 ]
SPRING_PROGRESSION = [ 7.500000, 7.500000 ]
SPRING_STIFFNESS = [ 650.000000, 600.000000 ]
SWAYBAR_STIFFNESS = [ 200.000000, 200.000000 ]
TRAVEL = [ 8.000000, 8.000000 ]

[tires]
DYNAMIC_GRIP = [ 2.000000, 2.000000 ]
GRIP_SCALE = [ 1.175000, 1.225000 ]
STATIC_GRIP = [ 2.200000, 2.300000 ]
STEERING = 0.900000
YAW_CONTROL = [ 0.300000, 0.650000, 1.000000, 1.200000 ]
YAW_SPEED = 0.250000

[transmission]
GEAR_RATIO = [ 3.200000, 0.000000, 4.100000, 2.530000, 1.670000, 1.230000, 1.000000, 0.830000 ]
DIFFERENTIAL = [ 0.800000, 0.800000, 0.000000 ]
GEAR_EFFICIENCY = [ 1.000000, 1.000000, 1.000000, 1.000000, 1.000000, 1.000000, 1.000000, 1.000000, 1.000000 ]
TORQUE_CONVERTER = 0.300000
TORQUE_SPLIT = 0.000000
CLUTCH_SLIP = 0.800000
OPTIMAL_SHIFT = 500.000000
SHIFT_SPEED = 0.250000
FINAL_GEAR = 3.400000

[engine]
TORQUE = [ 170.000000, 251.000000, 340.000000, 428.000000, 467.000000, 452.000000, 411.000000, 375.000000, 350.000000 ]
ENGINE_BRAKING = [ 0.700000, 0.800000, 0.900000 ]
FLYWHEEL_MASS = 10.000000
MAX_RPM = 9500.000000
RED_LINE = 8500.000000
IDLE = 800.000000

[induction]
LOW_BOOST = 0.200000
SPOOL_TIME_DOWN = 0.250000
VACUUM = -0.050000
SPOOL = 0.200000
SPOOL_TIME_UP = 2.000000
PSI = 12.000000
HIGH_BOOST = 0.200000

[pvehicle]
TENSOR_SCALE = [ 1.000000, 2.000000, 1.000000 ]