[brakes]
BRAKE_LOCK = [ 1.000000, 3.300000 ]
BRAKES = [ 475.000000, 650.000000 ]
EBRAKE = 800.000000

[chassis]
AERO_CG = 47.250000
AERO_COEFFICIENT = 0.260000
DRAG_COEFFICIENT = 0.320000
FRONT_WEIGHT_BIAS = 53.250000
RENDER_MOTION = 0.500000
RIDE_HEIGHT = [ 8.500000, 8.500000 ]
ROLL_CENTER = 8.750000
SHOCK_BLOWOUT = 6.000000
SHOCK_DIGRESSION = [ 0.250000, 0.250000 ]
SHOCK_EXT_STIFFNESS = [ 70.000000, 75.000000 ]
SHOCK_STIFFNESS = [ 60.000000, 65.000000 ]
SHOCK_VALVING = [ 20.000000, 20.000000 ]
SPRING_PROGRESSION = [ 6.500000, 6.500000 ]
SPRING_STIFFNESS = [ 700.000000, 700.000000 ]
SWAYBAR_STIFFNESS = [ 275.000000, 250.000000 ]
TRAVEL = [ 6.750000, 6.750000 ]

[tires]
DYNAMIC_GRIP = [ 1.800000, 1.900000 ]
GRIP_SCALE = [ 1.050000, 1.100000 ]
STATIC_GRIP = [ 2.000000, 2.100000 ]
STEERING = 1.000000
YAW_CONTROL = [ 0.100000, 0.700000, 1.000000, 1.100000 ]
YAW_SPEED = 0.400000

[transmission]
GEAR_RATIO = [ 3.200000, 0.000000, 3.310000, 1.950000, 1.500000, 1.170000, 0.970000, 0.820000 ]
DIFFERENTIAL = [ 0.800000, 0.800000, 0.000000 ]
GEAR_EFFICIENCY = [ 1.000000, 1.000000, 1.000000, 1.000000, 1.000000, 1.000000, 1.000000, 1.000000, 1.000000 ]
TORQUE_CONVERTER = 0.800000
TORQUE_SPLIT = 0.000000
CLUTCH_SLIP = 0.700000
OPTIMAL_SHIFT = 500.000000
SHIFT_SPEED = 0.250000
FINAL_GEAR = 2.900000

[engine]
TORQUE = [ 180.000000, 264.000000, 370.000000, 497.000000, 456.000000, 414.000000, 378.000000, 348.000000, 336.000000 ]
ENGINE_BRAKING = [ 0.700000, 0.800000, 0.900000 ]
FLYWHEEL_MASS = 14.000000
MAX_RPM = 8300.000000
RED_LINE = 7300.000000
IDLE = 950.000000

[induction]
LOW_BOOST = 0.200000
SPOOL_TIME_DOWN = 0.250000
VACUUM = -0.050000
SPOOL = 0.200000
SPOOL_TIME_UP = 2.000000
PSI = 12.000000
HIGH_BOOST = 0.200000

[pvehicle]
TENSOR_SCALE = [ 1.000000, 2.000000, 1.000000 ]