[brakes]
BRAKE_LOCK = [ 1.000000, 3.350000 ]
BRAKES = [ 475.000000, 600.000000 ]
EBRAKE = 700.000000

[chassis]
AERO_CG = 48.000000
AERO_COEFFICIENT = 0.240000
DRAG_COEFFICIENT = 0.360000
FRONT_WEIGHT_BIAS = 53.849998
RENDER_MOTION = 0.500000
RIDE_HEIGHT = [ 7.000000, 7.000000 ]
ROLL_CENTER = 9.000000
SHOCK_BLOWOUT = 6.000000
SHOCK_DIGRESSION = [ 0.300000, 0.300000 ]
SHOCK_EXT_STIFFNESS = [ 75.000000, 75.000000 ]
SHOCK_STIFFNESS = [ 60.000000, 60.000000 ]
SHOCK_VALVING = [ 20.000000, 20.000000 ]
SPRING_PROGRESSION = [ 6.000000, 6.100000 ]
SPRING_STIFFNESS = [ 600.000000, 600.000000 ]
SWAYBAR_STIFFNESS = [ 275.000000, 275.000000 ]
TRAVEL = [ 6.000000, 6.000000 ]

[tires]
DYNAMIC_GRIP = [ 1.800000, 1.900000 ]
GRIP_SCALE = [ 1.070000, 1.085000 ]
STATIC_GRIP = [ 2.050000, 2.150000 ]
STEERING = 1.050000
YAW_CONTROL = [ 0.100000, 0.600000, 1.000000, 1.250000 ]
YAW_SPEED = 0.400000

[transmission]
GEAR_RATIO = [ 3.120000, 0.000000, 3.910000, 2.110000, 1.480000, 1.100000, 0.900000, 0.760000 ]
DIFFERENTIAL = [ 0.750000, 0.750000, 0.000000 ]
GEAR_EFFICIENCY = [ 1.000000, 1.000000, 1.000000, 1.000000, 1.000000, 1.000000, 1.000000, 1.000000, 1.000000 ]
TORQUE_CONVERTER = 0.700000
TORQUE_SPLIT = 0.000000
CLUTCH_SLIP = 0.800000
OPTIMAL_SHIFT = 500.000000
SHIFT_SPEED = 0.250000
FINAL_GEAR = 3.200000

[engine]
TORQUE = [ 130.000000, 215.000000, 320.000000, 497.000000, 470.000000, 430.000000, 400.000000, 375.000000, 356.000000 ]
ENGINE_BRAKING = [ 0.700000, 0.800000, 0.900000 ]
FLYWHEEL_MASS = 12.000000
MAX_RPM = 8500.000000
RED_LINE = 7500.000000
IDLE = 800.000000

[induction]
LOW_BOOST = 0.200000
SPOOL_TIME_DOWN = 0.250000
VACUUM = -0.050000
SPOOL = 0.200000
SPOOL_TIME_UP = 2.000000
PSI = 12.000000
HIGH_BOOST = 0.100000

[pvehicle]
TENSOR_SCALE = [ 1.000000, 2.000000, 1.000000 ]