[brakes]
BRAKE_LOCK = [ 1.000000, 1.000000 ]
BRAKES = [ 1000.000000, 1000.000000 ]
EBRAKE = 1000.000000

[chassis]
AERO_CG = 54.000000
AERO_COEFFICIENT = 0.450000
DRAG_COEFFICIENT = 0.000000
FRONT_WEIGHT_BIAS = 54.000000
RENDER_MOTION = 1.000000
RIDE_HEIGHT = [ 9.000000, 9.000000 ]
ROLL_CENTER = 10.000000
SHOCK_BLOWOUT = 8.000000
SHOCK_DIGRESSION = [ 0.100000, 0.300000 ]
SHOCK_EXT_STIFFNESS = [ 100.000000, 100.000000 ]
SHOCK_STIFFNESS = [ 90.000000, 90.000000 ]
SHOCK_VALVING = [ 24.000000, 24.000000 ]
SPRING_PROGRESSION = [ 7.680000, 7.680000 ]
SPRING_STIFFNESS = [ 720.000000, 680.000000 ]
SWAYBAR_STIFFNESS = [ 485.329987, 485.329987 ]
TRAVEL = [ 8.000000, 8.000000 ]

[tires]
DYNAMIC_GRIP = [ 1.800000, 1.800000 ]
GRIP_SCALE = [ 2.000000, 2.000000 ]
STATIC_GRIP = [ 2.200000, 2.200000 ]
STEERING = 1.000000
YAW_CONTROL = [ 0.100000, 0.350000, 0.400000, 0.600000 ]
YAW_SPEED = 0.650000

[transmission]
GEAR_RATIO = [ 3.250000, 0.000000, 3.600000, 2.500000, 1.500000, 1.070000, 0.900000, 0.750000 ]
DIFFERENTIAL = [ 0.710000, 0.710000, 0.500000 ]
GEAR_EFFICIENCY = [ 1.000000, 1.000000, 1.000000, 1.000000, 1.000000, 1.000000, 1.000000, 1.000000, 1.000000 ]
TORQUE_CONVERTER = 2.000000
TORQUE_SPLIT = 0.500000
CLUTCH_SLIP = 0.800000
OPTIMAL_SHIFT = 500.000000
SHIFT_SPEED = 0.250000
FINAL_GEAR = 3.250000

[engine]
TORQUE = [ 380.000000, 450.000000, 580.000000, 670.000000, 763.000000, 740.000000, 700.000000, 660.000000, 600.000000 ]
ENGINE_BRAKING = [ 0.500000, 0.500000, 0.500000 ]
FLYWHEEL_MASS = 8.500000
MAX_RPM = 10000.000000
RED_LINE = 9000.000000
IDLE = 800.000000

[induction]
LOW_BOOST = 1.000000
SPOOL_TIME_DOWN = 0.000000
VACUUM = 0.000000
SPOOL = 0.000000
SPOOL_TIME_UP = 0.000000
PSI = 5.000000
HIGH_BOOST = 1.000000

[pvehicle]
TENSOR_SCALE = [ 1.000000, 2.000000, 1.000000 ]