[brakes]
BRAKE_LOCK = [ 1.000000, 3.300000 ]
BRAKES = [ 400.000000, 553.000000 ]
EBRAKE = 575.000000

[chassis]
AERO_CG = 47.599998
AERO_COEFFICIENT = 0.170000
DRAG_COEFFICIENT = 0.350000
FRONT_WEIGHT_BIAS = 53.799999
RENDER_MOTION = 1.000000
RIDE_HEIGHT = [ 6.850000, 6.850000 ]
ROLL_CENTER = 9.500000
SHOCK_BLOWOUT = 6.000000
SHOCK_DIGRESSION = [ 0.450000, 0.450000 ]
SHOCK_EXT_STIFFNESS = [ 60.000000, 55.000000 ]
SHOCK_STIFFNESS = [ 40.000000, 45.000000 ]
SHOCK_VALVING = [ 18.000000, 18.000000 ]
SPRING_PROGRESSION = [ 5.000000, 5.500000 ]
SPRING_STIFFNESS = [ 300.000000, 330.000000 ]
SWAYBAR_STIFFNESS = [ 200.000000, 200.000000 ]
TRAVEL = [ 7.500000, 7.000000 ]

[tires]
DYNAMIC_GRIP = [ 1.600000, 1.600000 ]
GRIP_SCALE = [ 1.000000, 1.000000 ]
STATIC_GRIP = [ 1.850000, 1.850000 ]
STEERING = 1.050000
YAW_CONTROL = [ 0.100000, 0.400000, 0.500000, 0.750000 ]
YAW_SPEED = 0.400000

[transmission]
GEAR_RATIO = [ 3.000000, 0.000000, 3.570000, 2.040000, 1.340000, 1.000000, 0.850000 ]
DIFFERENTIAL = [ 0.750000, 0.750000, 0.000000 ]
GEAR_EFFICIENCY = [ 1.000000, 1.000000, 1.000000, 1.000000, 1.000000, 1.000000, 1.000000, 1.000000, 1.000000 ]
TORQUE_CONVERTER = 0.700000
TORQUE_SPLIT = 0.000000
CLUTCH_SLIP = 0.800000
OPTIMAL_SHIFT = 500.000000
SHIFT_SPEED = 0.250000
FINAL_GEAR = 3.300000

[engine]
TORQUE = [ 90.000000, 135.000000, 216.000000, 284.000000, 277.000000, 256.000000, 227.000000, 209.000000, 198.000000 ]
ENGINE_BRAKING = [ 0.700000, 0.800000, 0.900000 ]
FLYWHEEL_MASS = 14.000000
MAX_RPM = 7700.000000
RED_LINE = 6700.000000
IDLE = 800.000000

[pvehicle]
TENSOR_SCALE = [ 1.000000, 2.500000, 1.000000 ]