[brakes]
BRAKE_LOCK = [ 1.000000, 3.400000 ]
BRAKES = [ 450.000000, 650.000000 ]
EBRAKE = 900.000000

[chassis]
AERO_CG = 48.000000
AERO_COEFFICIENT = 0.270000
DRAG_COEFFICIENT = 0.390000
FRONT_WEIGHT_BIAS = 53.000000
RENDER_MOTION = 0.500000
RIDE_HEIGHT = [ 5.500000, 5.500000 ]
ROLL_CENTER = 8.750000
SHOCK_BLOWOUT = 8.000000
SHOCK_DIGRESSION = [ 0.200000, 0.200000 ]
SHOCK_EXT_STIFFNESS = [ 75.000000, 77.000000 ]
SHOCK_STIFFNESS = [ 70.000000, 70.000000 ]
SHOCK_VALVING = [ 24.000000, 24.000000 ]
SPRING_PROGRESSION = [ 7.000000, 7.000000 ]
SPRING_STIFFNESS = [ 800.000000, 800.000000 ]
SWAYBAR_STIFFNESS = [ 300.000000, 300.000000 ]
TRAVEL = [ 6.000000, 6.000000 ]

[tires]
DYNAMIC_GRIP = [ 2.000000, 2.000000 ]
GRIP_SCALE = [ 1.250000, 1.250000 ]
STATIC_GRIP = [ 2.250000, 2.250000 ]
STEERING = 1.000000
YAW_CONTROL = [ 0.100000, 0.600000, 1.000000, 1.400000 ]
YAW_SPEED = 0.400000

[transmission]
GEAR_RATIO = [ 2.500000, 0.000000, 2.610000, 1.710000, 1.230000, 0.940000, 0.770000, 0.660000 ]
DIFFERENTIAL = [ 0.725000, 0.750000, 0.000000 ]
GEAR_EFFICIENCY = [ 1.000000, 1.000000, 1.000000, 1.000000, 1.000000, 1.000000, 1.000000, 1.000000, 1.000000 ]
TORQUE_CONVERTER = 0.200000
TORQUE_SPLIT = 0.000000
CLUTCH_SLIP = 0.900000
OPTIMAL_SHIFT = 500.000000
SHIFT_SPEED = 0.250000
FINAL_GEAR = 3.500000

[engine]
TORQUE = [ 200.000000, 300.000000, 440.000000, 574.000000, 598.000000, 554.000000, 486.000000, 430.000000, 380.000000 ]
ENGINE_BRAKING = [ 0.700000, 0.800000, 0.900000 ]
FLYWHEEL_MASS = 8.000000
MAX_RPM = 7500.000000
RED_LINE = 6500.000000
IDLE = 800.000000

[induction]
LOW_BOOST = 0.300000
SPOOL_TIME_DOWN = 0.250000
VACUUM = 0.000000
SPOOL = 0.000000
SPOOL_TIME_UP = 1.500000
PSI = 13.000000
HIGH_BOOST = 0.300000

[pvehicle]
TENSOR_SCALE = [ 1.000000, 2.000000, 1.000000 ]