[brakes]
BRAKE_LOCK = [ 1.000000, 3.200000 ]
BRAKES = [ 475.000000, 575.000000 ]
EBRAKE = 950.000000

[chassis]
AERO_CG = 47.400002
AERO_COEFFICIENT = 0.245000
DRAG_COEFFICIENT = 0.390000
FRONT_WEIGHT_BIAS = 52.750000
RENDER_MOTION = 0.500000
RIDE_HEIGHT = [ 7.000000, 7.000000 ]
ROLL_CENTER = 9.000000
SHOCK_BLOWOUT = 5.000000
SHOCK_DIGRESSION = [ 0.100000, 0.100000 ]
SHOCK_EXT_STIFFNESS = [ 80.000000, 80.000000 ]
SHOCK_STIFFNESS = [ 65.000000, 75.000000 ]
SHOCK_VALVING = [ 24.000000, 24.000000 ]
SPRING_PROGRESSION = [ 8.000000, 8.500000 ]
SPRING_STIFFNESS = [ 700.000000, 670.000000 ]
SWAYBAR_STIFFNESS = [ 225.000000, 225.000000 ]
TRAVEL = [ 7.000000, 7.000000 ]

[tires]
DYNAMIC_GRIP = [ 1.800000, 1.800000 ]
GRIP_SCALE = [ 1.125000, 1.125000 ]
STATIC_GRIP = [ 2.100000, 2.100000 ]
STEERING = 1.070000
YAW_CONTROL = [ 0.100000, 0.650000, 0.850000, 1.200000 ]
YAW_SPEED = 0.450000

[transmission]
GEAR_RATIO = [ 3.000000, 0.000000, 3.570000, 2.060000, 1.380000, 1.000000, 0.800000, 0.670000 ]
DIFFERENTIAL = [ 0.800000, 0.800000, 0.000000 ]
GEAR_EFFICIENCY = [ 1.000000, 1.000000, 1.000000, 1.000000, 1.000000, 1.000000, 1.000000, 1.000000, 1.000000 ]
TORQUE_CONVERTER = 0.500000
TORQUE_SPLIT = 0.000000
CLUTCH_SLIP = 0.800000
OPTIMAL_SHIFT = 500.000000
SHIFT_SPEED = 0.100000
FINAL_GEAR = 3.000000

[engine]
TORQUE = [ 176.000000, 275.000000, 468.000000, 605.000000, 583.000000, 528.000000, 457.000000, 407.000000, 363.000000 ]
ENGINE_BRAKING = [ 0.700000, 0.800000, 0.900000 ]
FLYWHEEL_MASS = 12.000000
MAX_RPM = 7400.000000
RED_LINE = 6400.000000
IDLE = 800.000000

[induction]
LOW_BOOST = 0.270000
SPOOL_TIME_DOWN = 0.250000
VACUUM = -0.050000
SPOOL = 0.200000
SPOOL_TIME_UP = 2.000000
PSI = 12.000000
HIGH_BOOST = 0.270000

[pvehicle]
TENSOR_SCALE = [ 1.400000, 2.500000, 1.400000 ]