[brakes]
BRAKE_LOCK = [ 1.000000, 3.000000 ]
BRAKES = [ 400.000000, 475.000000 ]
EBRAKE = 500.000000

[chassis]
AERO_CG = 51.849998
AERO_COEFFICIENT = 0.150000
DRAG_COEFFICIENT = 0.260000
FRONT_WEIGHT_BIAS = 54.750000
RENDER_MOTION = 1.000000
RIDE_HEIGHT = [ 8.000000, 8.000000 ]
ROLL_CENTER = 10.500000
SHOCK_BLOWOUT = 8.000000
SHOCK_DIGRESSION = [ 0.500000, 0.500000 ]
SHOCK_EXT_STIFFNESS = [ 42.000000, 45.000000 ]
SHOCK_STIFFNESS = [ 38.549999, 42.250000 ]
SHOCK_VALVING = [ 17.000000, 17.000000 ]
SPRING_PROGRESSION = [ 5.500000, 6.250000 ]
SPRING_STIFFNESS = [ 375.000000, 390.000000 ]
SWAYBAR_STIFFNESS = [ 200.000000, 270.000000 ]
TRAVEL = [ 7.000000, 7.000000 ]

[tires]
DYNAMIC_GRIP = [ 1.350000, 1.370000 ]
GRIP_SCALE = [ 1.000000, 1.000000 ]
STATIC_GRIP = [ 1.600000, 1.620000 ]
STEERING = 1.000000
YAW_CONTROL = [ 0.075000, 0.100000, 0.200000, 0.150000 ]
YAW_SPEED = 0.700000

[transmission]
GEAR_RATIO = [ 2.500000, 0.000000, 2.930000, 1.950000, 1.410000, 1.030000, 0.770000 ]
DIFFERENTIAL = [ 0.700000, 0.700000, 0.700000 ]
GEAR_EFFICIENCY = [ 1.000000, 1.000000, 0.900000, 0.900000, 1.000000, 1.000000, 1.000000, 1.000000, 1.000000 ]
TORQUE_CONVERTER = 0.700000
TORQUE_SPLIT = 0.500000
CLUTCH_SLIP = 0.800000
OPTIMAL_SHIFT = 500.000000
SHIFT_SPEED = 0.100000
FINAL_GEAR = 3.600000

[engine]
TORQUE = [ 110.000000, 135.000000, 185.000000, 257.000000, 248.000000, 221.000000, 197.000000, 180.000000, 165.000000 ]
ENGINE_BRAKING = [ 0.700000, 0.800000, 0.900000 ]
FLYWHEEL_MASS = 10.000000
MAX_RPM = 8000.000000
RED_LINE = 7000.000000
IDLE = 850.000000

[induction]
LOW_BOOST = 0.100000
SPOOL_TIME_DOWN = 0.250000
VACUUM = -0.050000
SPOOL = 0.200000
SPOOL_TIME_UP = 2.000000
PSI = 14.000000
HIGH_BOOST = 0.200000

[pvehicle]
TENSOR_SCALE = [ 1.000000, 3.000000, 1.000000 ]