[brakes]
BRAKE_LOCK = [ 1.000000, 3.000000 ]
BRAKES = [ 475.000000, 600.000000 ]
EBRAKE = 650.000000

[chassis]
AERO_CG = 47.500000
AERO_COEFFICIENT = 0.240000
DRAG_COEFFICIENT = 0.300000
FRONT_WEIGHT_BIAS = 52.000000
RENDER_MOTION = 1.000000
RIDE_HEIGHT = [ 7.250000, 7.510000 ]
ROLL_CENTER = 9.000000
SHOCK_BLOWOUT = 5.000000
SHOCK_DIGRESSION = [ 0.300000, 0.300000 ]
SHOCK_EXT_STIFFNESS = [ 65.000000, 65.000000 ]
SHOCK_STIFFNESS = [ 60.000000, 60.000000 ]
SHOCK_VALVING = [ 20.000000, 20.000000 ]
SPRING_PROGRESSION = [ 6.000000, 6.000000 ]
SPRING_STIFFNESS = [ 450.000000, 400.000000 ]
SWAYBAR_STIFFNESS = [ 330.000000, 350.000000 ]
TRAVEL = [ 6.500000, 6.500000 ]

[tires]
DYNAMIC_GRIP = [ 1.800000, 1.800000 ]
GRIP_SCALE = [ 1.150000, 1.200000 ]
STATIC_GRIP = [ 2.000000, 2.000000 ]
STEERING = 1.110000
YAW_CONTROL = [ 0.100000, 0.350000, 0.400000, 0.600000 ]
YAW_SPEED = 0.260000

[transmission]
GEAR_RATIO = [ 3.790000, 0.000000, 4.230000, 2.530000, 1.670000, 1.230000, 1.000000, 0.830000 ]
DIFFERENTIAL = [ 0.800000, 0.800000, 0.000000 ]
GEAR_EFFICIENCY = [ 1.000000, 1.000000, 1.000000, 1.000000, 1.000000, 1.000000, 1.000000, 1.000000, 1.000000 ]
TORQUE_CONVERTER = 1.500000
TORQUE_SPLIT = 0.000000
CLUTCH_SLIP = 0.800000
OPTIMAL_SHIFT = 800.000000
SHIFT_SPEED = 0.250000
FINAL_GEAR = 3.620000

[engine]
TORQUE = [ 87.000000, 128.000000, 174.000000, 219.000000, 239.000000, 231.000000, 210.000000, 192.000000, 179.000000 ]
ENGINE_BRAKING = [ 0.900000, 0.900000, 0.900000 ]
FLYWHEEL_MASS = 10.000000
MAX_RPM = 9500.000000
RED_LINE = 8500.000000
IDLE = 800.000000

[induction]
LOW_BOOST = 0.200000
SPOOL_TIME_DOWN = 0.250000
VACUUM = -0.050000
SPOOL = 0.200000
SPOOL_TIME_UP = 2.000000
PSI = 12.000000
HIGH_BOOST = 0.200000

[pvehicle]
TENSOR_SCALE = [ 1.000000, 2.000000, 1.000000 ]