[brakes]
BRAKE_LOCK = [ 1.000000, 3.500000 ]
BRAKES = [ 360.000000, 500.000000 ]
EBRAKE = 550.000000

[chassis]
AERO_CG = 49.700001
AERO_COEFFICIENT = 0.170000
DRAG_COEFFICIENT = 0.330000
FRONT_WEIGHT_BIAS = 53.000000
RENDER_MOTION = 1.000000
RIDE_HEIGHT = [ 9.000000, 9.000000 ]
ROLL_CENTER = 10.500000
SHOCK_BLOWOUT = 6.000000
SHOCK_DIGRESSION = [ 0.350000, 0.350000 ]
SHOCK_EXT_STIFFNESS = [ 60.000000, 55.000000 ]
SHOCK_STIFFNESS = [ 45.000000, 45.000000 ]
SHOCK_VALVING = [ 24.000000, 24.000000 ]
SPRING_PROGRESSION = [ 5.000000, 6.000000 ]
SPRING_STIFFNESS = [ 450.000000, 500.000000 ]
SWAYBAR_STIFFNESS = [ 185.000000, 185.000000 ]
TRAVEL = [ 7.000000, 6.500000 ]

[tires]
DYNAMIC_GRIP = [ 1.600000, 1.650000 ]
GRIP_SCALE = [ 1.000000, 1.000000 ]
STATIC_GRIP = [ 1.850000, 1.850000 ]
STEERING = 1.025000
YAW_CONTROL = [ 0.050000, 0.070000, 0.150000, 0.200000 ]
YAW_SPEED = 0.650000

[transmission]
GEAR_RATIO = [ 2.530000, 0.000000, 3.340000, 2.000000, 1.320000, 1.000000, 0.680000 ]
DIFFERENTIAL = [ 0.800000, 0.800000, 0.000000 ]
GEAR_EFFICIENCY = [ 1.000000, 1.000000, 1.000000, 1.000000, 1.000000, 1.000000, 1.000000, 1.000000, 1.000000 ]
TORQUE_CONVERTER = 0.400000
TORQUE_SPLIT = 0.000000
CLUTCH_SLIP = 0.800000
OPTIMAL_SHIFT = 500.000000
SHIFT_SPEED = 0.250000
FINAL_GEAR = 3.600000

[engine]
TORQUE = [ 125.000000, 165.000000, 250.000000, 320.000000, 318.000000, 275.000000, 245.000000, 230.000000, 217.000000 ]
ENGINE_BRAKING = [ 0.700000, 0.800000, 0.900000 ]
FLYWHEEL_MASS = 10.000000
MAX_RPM = 7250.000000
RED_LINE = 6250.000000
IDLE = 800.000000

[pvehicle]
TENSOR_SCALE = [ 1.000000, 3.500000, 1.000000 ]