[brakes]
BRAKE_LOCK = [ 1.000000, 3.400000 ]
BRAKES = [ 550.000000, 700.000000 ]
EBRAKE = 900.000000

[chassis]
AERO_CG = 49.299999
AERO_COEFFICIENT = 0.270000
DRAG_COEFFICIENT = 0.450000
FRONT_WEIGHT_BIAS = 54.000000
RENDER_MOTION = 0.500000
RIDE_HEIGHT = [ 7.000000, 7.000000 ]
ROLL_CENTER = 8.500000
SHOCK_BLOWOUT = 6.000000
SHOCK_DIGRESSION = [ 0.100000, 0.100000 ]
SHOCK_EXT_STIFFNESS = [ 65.000000, 65.000000 ]
SHOCK_STIFFNESS = [ 60.000000, 60.000000 ]
SHOCK_VALVING = [ 24.000000, 24.000000 ]
SPRING_PROGRESSION = [ 9.000000, 9.500000 ]
SPRING_STIFFNESS = [ 600.000000, 675.000000 ]
SWAYBAR_STIFFNESS = [ 300.000000, 300.000000 ]
TRAVEL = [ 6.500000, 6.500000 ]

[tires]
DYNAMIC_GRIP = [ 1.900000, 1.900000 ]
GRIP_SCALE = [ 1.200000, 1.200000 ]
STATIC_GRIP = [ 2.200000, 2.200000 ]
STEERING = 1.150000
YAW_CONTROL = [ 0.100000, 0.500000, 0.700000, 1.200000 ]
YAW_SPEED = 0.470000

[transmission]
GEAR_RATIO = [ 2.500000, 0.000000, 3.400000, 2.190000, 1.500000, 1.100000, 0.831000, 0.680000 ]
DIFFERENTIAL = [ 0.800000, 0.800000, 0.000000 ]
GEAR_EFFICIENCY = [ 1.000000, 1.000000, 1.000000, 1.000000, 1.000000, 1.000000, 1.000000, 1.000000, 1.000000 ]
TORQUE_CONVERTER = 0.300000
TORQUE_SPLIT = 0.000000
CLUTCH_SLIP = 0.800000
OPTIMAL_SHIFT = 500.000000
SHIFT_SPEED = 0.200000
FINAL_GEAR = 3.500000

[engine]
TORQUE = [ 165.000000, 250.000000, 400.000000, 575.000000, 621.000000, 555.000000, 490.000000, 430.000000, 390.000000 ]
ENGINE_BRAKING = [ 0.700000, 0.800000, 0.900000 ]
FLYWHEEL_MASS = 9.000000
MAX_RPM = 8000.000000
RED_LINE = 7000.000000
IDLE = 800.000000

[induction]
LOW_BOOST = 0.350000
SPOOL_TIME_DOWN = 0.250000
VACUUM = 0.000000
SPOOL = 0.000000
SPOOL_TIME_UP = 1.000000
PSI = 13.000000
HIGH_BOOST = 0.350000

[pvehicle]
TENSOR_SCALE = [ 1.000000, 2.000000, 1.000000 ]