[brakes]
BRAKE_LOCK = [ 1.000000, 3.100000 ]
BRAKES = [ 350.000000, 480.000000 ]
EBRAKE = 600.000000

[chassis]
AERO_CG = 49.000000
AERO_COEFFICIENT = 0.185000
DRAG_COEFFICIENT = 0.290000
FRONT_WEIGHT_BIAS = 53.000000
RENDER_MOTION = 1.000000
RIDE_HEIGHT = [ 8.000000, 8.000000 ]
ROLL_CENTER = 9.500000
SHOCK_BLOWOUT = 8.000000
SHOCK_DIGRESSION = [ 0.500000, 0.500000 ]
SHOCK_EXT_STIFFNESS = [ 60.000000, 60.000000 ]
SHOCK_STIFFNESS = [ 40.000000, 40.000000 ]
SHOCK_VALVING = [ 20.000000, 20.000000 ]
SPRING_PROGRESSION = [ 7.000000, 7.000000 ]
SPRING_STIFFNESS = [ 300.000000, 300.000000 ]
SWAYBAR_STIFFNESS = [ 300.000000, 300.000000 ]
TRAVEL = [ 7.500000, 7.500000 ]

[tires]
DYNAMIC_GRIP = [ 1.500000, 1.500000 ]
GRIP_SCALE = [ 1.000000, 1.000000 ]
STATIC_GRIP = [ 1.700000, 1.700000 ]
STEERING = 1.050000
YAW_CONTROL = [ 0.050000, 0.350000, 0.500000, 0.700000 ]
YAW_SPEED = 0.480000

[transmission]
GEAR_RATIO = [ 3.000000, 0.000000, 3.670000, 2.360000, 1.690000, 1.310000, 1.000000, 0.770000 ]
DIFFERENTIAL = [ 0.850000, 0.850000, 0.000000 ]
GEAR_EFFICIENCY = [ 1.000000, 1.000000, 1.000000, 1.000000, 1.000000, 1.000000, 1.000000, 1.000000, 1.000000 ]
TORQUE_CONVERTER = 0.500000
TORQUE_SPLIT = 0.000000
CLUTCH_SLIP = 0.800000
OPTIMAL_SHIFT = 500.000000
SHIFT_SPEED = 0.250000
FINAL_GEAR = 3.500000

[engine]
TORQUE = [ 90.000000, 117.000000, 153.000000, 196.000000, 231.000000, 221.000000, 195.000000, 173.000000, 156.000000 ]
ENGINE_BRAKING = [ 0.700000, 0.800000, 0.900000 ]
FLYWHEEL_MASS = 10.000000
MAX_RPM = 7800.000000
RED_LINE = 6800.000000
IDLE = 800.000000

[induction]
LOW_BOOST = 0.100000
SPOOL_TIME_DOWN = 0.250000
VACUUM = -0.050000
SPOOL = 0.200000
SPOOL_TIME_UP = 2.000000
PSI = 12.000000
HIGH_BOOST = 0.150000

[pvehicle]
TENSOR_SCALE = [ 1.000000, 2.000000, 1.000000 ]