[brakes]
BRAKE_LOCK = [ 1.000000, 3.400000 ]
BRAKES = [ 550.000000, 650.000000 ]
EBRAKE = 900.000000

[chassis]
AERO_CG = 51.000000
AERO_COEFFICIENT = 0.260000
DRAG_COEFFICIENT = 0.400000
FRONT_WEIGHT_BIAS = 53.500000
RENDER_MOTION = 0.500000
RIDE_HEIGHT = [ 6.000000, 6.000000 ]
ROLL_CENTER = 9.000000
SHOCK_BLOWOUT = 6.000000
SHOCK_DIGRESSION = [ 0.100000, 0.100000 ]
SHOCK_EXT_STIFFNESS = [ 70.000000, 70.000000 ]
SHOCK_STIFFNESS = [ 65.000000, 65.000000 ]
SHOCK_VALVING = [ 24.000000, 24.000000 ]
SPRING_PROGRESSION = [ 7.250000, 8.000000 ]
SPRING_STIFFNESS = [ 700.000000, 700.000000 ]
SWAYBAR_STIFFNESS = [ 250.000000, 200.000000 ]
TRAVEL = [ 6.500000, 6.500000 ]

[tires]
DYNAMIC_GRIP = [ 1.900000, 1.900000 ]
GRIP_SCALE = [ 1.100000, 1.100000 ]
STATIC_GRIP = [ 2.100000, 2.100000 ]
STEERING = 1.000000
YAW_CONTROL = [ 0.000000, 0.450000, 0.850000, 1.000000 ]
YAW_SPEED = 0.480000

[transmission]
GEAR_RATIO = [ 2.500000, 0.000000, 3.600000, 2.360000, 1.690000, 1.310000, 0.950000, 0.720000 ]
DIFFERENTIAL = [ 0.850000, 0.850000, 0.000000 ]
GEAR_EFFICIENCY = [ 1.000000, 1.000000, 1.000000, 1.000000, 1.000000, 1.000000, 1.000000, 1.000000, 1.000000 ]
TORQUE_CONVERTER = 0.400000
TORQUE_SPLIT = 0.000000
CLUTCH_SLIP = 0.800000
OPTIMAL_SHIFT = 500.000000
SHIFT_SPEED = 0.250000
FINAL_GEAR = 3.000000

[engine]
TORQUE = [ 207.000000, 260.000000, 341.000000, 480.000000, 550.000000, 517.000000, 451.000000, 396.000000, 363.000000 ]
ENGINE_BRAKING = [ 0.700000, 0.800000, 0.900000 ]
FLYWHEEL_MASS = 10.000000
MAX_RPM = 7800.000000
RED_LINE = 6800.000000
IDLE = 800.000000

[induction]
LOW_BOOST = 0.100000
SPOOL_TIME_DOWN = 0.250000
VACUUM = -0.050000
SPOOL = 0.200000
SPOOL_TIME_UP = 2.500000
PSI = 15.000000
HIGH_BOOST = 0.200000

[pvehicle]
TENSOR_SCALE = [ 1.000000, 2.000000, 1.000000 ]