[brakes]
BRAKE_LOCK = [ 1.000000, 3.300000 ]
BRAKES = [ 360.000000, 520.000000 ]
EBRAKE = 550.000000

[chassis]
AERO_CG = 46.500000
AERO_COEFFICIENT = 0.200000
DRAG_COEFFICIENT = 0.345000
FRONT_WEIGHT_BIAS = 53.000000
RENDER_MOTION = 1.000000
RIDE_HEIGHT = [ 8.850000, 8.850000 ]
ROLL_CENTER = 9.750000
SHOCK_BLOWOUT = 8.000000
SHOCK_DIGRESSION = [ 0.300000, 0.300000 ]
SHOCK_EXT_STIFFNESS = [ 45.000000, 45.000000 ]
SHOCK_STIFFNESS = [ 42.000000, 40.000000 ]
SHOCK_VALVING = [ 24.000000, 24.000000 ]
SPRING_PROGRESSION = [ 7.000000, 7.000000 ]
SPRING_STIFFNESS = [ 450.000000, 425.000000 ]
SWAYBAR_STIFFNESS = [ 270.000000, 260.000000 ]
TRAVEL = [ 6.500000, 6.500000 ]

[tires]
DYNAMIC_GRIP = [ 1.500000, 1.620000 ]
GRIP_SCALE = [ 1.000000, 1.000000 ]
STATIC_GRIP = [ 1.700000, 1.850000 ]
STEERING = 1.000000
YAW_CONTROL = [ 0.045000, 0.200000, 0.300000, 0.400000 ]
YAW_SPEED = 0.400000

[transmission]
GEAR_RATIO = [ 2.400000, 0.000000, 3.357000, 2.087000, 1.469000, 1.088000, 0.850000, 0.680000 ]
DIFFERENTIAL = [ 0.700000, 0.700000, 0.700000 ]
GEAR_EFFICIENCY = [ 1.000000, 1.000000, 1.000000, 1.000000, 1.000000, 1.000000, 1.000000, 1.000000, 1.000000 ]
TORQUE_CONVERTER = 0.200000
TORQUE_SPLIT = 0.500000
CLUTCH_SLIP = 0.800000
OPTIMAL_SHIFT = 500.000000
SHIFT_SPEED = 0.250000
FINAL_GEAR = 4.200000

[engine]
TORQUE = [ 141.000000, 189.000000, 246.000000, 253.000000, 225.000000, 203.000000, 190.000000, 190.000000, 190.000000 ]
ENGINE_BRAKING = [ 0.700000, 0.800000, 0.900000 ]
FLYWHEEL_MASS = 14.000000
MAX_RPM = 8000.000000
RED_LINE = 7000.000000
IDLE = 800.000000

[pvehicle]
TENSOR_SCALE = [ 1.000000, 2.000000, 1.000000 ]